100
5987.43 9.09757 40537.7
2822.96 4.39558 90356.2
6254.77 8.53847 49513.2
1370.59 6.16443 74916.8
597.247 6.95456 19556.3
527.665 0.673544 20474.9
6774.8 2.54616 47801.1
847.194 8.37184 92184.2
2296.82 5.09598 4428.24
5371.87 3.40434 77770.3
7559.74 6.21204 27588.7
1711.78 1.44841 77459
7252.72 8.58699 93426.3
506.607 7.6104 86364.3
7883.85 0.817591 97805.7
842.616 0.0204474 8926.66
8437.15 7.95801 7477.03
5874.2 7.2219 70122.4
8918.73 2.03894 58198.8
2545.55 7.20237 55494.9
4157.84 2.6133 57997.4
9171.12 9.33958 34263.1
3913.39 6.13453 57875.3
4957.73 3.70983 8883.94
1371.2 5.97461 42222.4
7617.42 1.56163 3442.49
6753.14 3.34422 29807.4
222.785 2.38899 64424.6
7220.07 4.55214 25479.9
7709.28 3.31645 13150.4
4832.91 3.18094 85702.1
8122.81 1.58483 72270.9
7228.92 8.13105 19733.3
5150.3 7.13462 1281.78
7187.41 1.30314 5563.52
7853.63 5.80279 31058.7
3601.18 3.25297 17804.5
2145.45 0.801111 96820
3810.54 2.65908 6418.04
7633.29 7.0867 45814.4
2047.18 7.19352 92635.9
4244.51 6.32649 52424.7
7104.71 0.586871 24448.4
6830.35 5.56047 21964.2
587.176 4.60738 20935.7
3925.29 6.66433 17865.5
1394.7 6.56026 95031.6
297.25 2.56752 17380.3
8764.92 4.04431 40669
3102.82 6.12934 1141.39
1449.93 0.26368 64964.8
9601.43 4.84298 24317.1
704.978 6.51021 1654.1
1750.54 5.4387 14169.7
5942.26 4.69039 21323.3
834.376 3.1605 3064.06
462.661 3.26853 18735.3
4823.45 7.32109 49925.2
6786.71 5.94501 71288.2
3694.57 3.88897 39283.4
3088.17 5.07004 86861.8
4667.5 3.62835 87887.2
297.861 2.44179 57298.5
1523.79 6.89535 46806.2
9857.48 9.98993 67439.8
1108.13 9.8938 74706.3
1099.58 3.18522 41966
6990.57 8.23511 87853.6
1095.61 2.07129 5374.31
6399.73 8.26014 76918.9
4725.79 9.81872 47080.9
3103.43 1.06418 32490
5041.66 7.95557 86138.5
7225.26 4.73434 52607.8
9851.07 2.1305 81075.5
4245.74 3.20994 29218.4
6178.47 3.68419 92233
936.308 1.68828 38908
6086.61 1.70721 39356.7
6917.02 4.84207 8578.75
1478.93 8.87295 68486.6
8218.63 1.55522 2166.81
8283.33 3.41502 11880.9
4866.79 4.67574 91631.8
7996.77 0.425428 55470.4
9367.96 2.65206 47724.8
3269.75 9.40336 82287.1
8314.16 8.15149 25199.1
242.927 2.996 485.244
6371.04 3.07199 36079
9976.81 5.31266 53035.1
1933.04 6.02008 15747.6
786.767 8.3697 5441.45
7971.13 3.57677 2441.48
8871.73 3.38176 80916.8
1297.65 6.7803 83761.1
2512.59 0.961028 21036.4
9912.72 5.43413 26422.9
1651.36 2.13172 57231.4
2470.47 1.39775 10504.5
