2 2 10
1 2
20 2

2 2 10
20 1
1 1

2 2 10
5 2
1 2

11 100 100
1000 1000
10 1000
10 1000
10 1000
10 1000
10 1000
10 1000
10 1000
10 1000
10 1000
10 1000

11 100 100
1010 1000
10 1000
10 1000
10 1000
10 1000
10 1000
10 1000
10 1000
10 1000
10 1000
10 1000

11 100 100
1011 1000
10 1000
10 1000
10 1000
10 1000
10 1000
10 1000
10 1000
10 1000
10 1000
10 1000

11 100 100
1011 99
10 1000
10 1000
10 1000
10 1000
10 1000
10 1000
10 1000
10 1000
10 1000
10 1000

11 100 100
1011 1
10 1000
10 1000
10 1000
10 1000
10 1000
10 1000
10 1000
10 1000
10 1000
10 1000

11 100 100
1000 10
911 100
10 1000
10 1000
10 1000
10 1000
10 1000
10 1000
10 1000
10 1000
10 1000

11 100 100
1000 10
910 100
10 1000
10 1000
10 1000
10 1000
10 1000
10 1000
10 1000
10 1000
10 1000

11 100 100
1000 10
909 100
10 1000
10 1000
10 1000
10 1000
10 1000
10 1000
10 1000
10 1000
10 1000

11 100 100
1001 1
911 100
10 1000
10 1000
10 1000
10 1000
10 1000
10 1000
10 1000
10 1000
10 1000

11 100 100
1001 2
911 100
10 1000
10 1000
10 1000
10 1000
10 1000
10 1000
10 1000
10 1000
10 1000

11 100 100
1001 1
911 100
10 1000
10 1000
10 1000
10 1000
10 1000
10 1000
10 1000
10 1000
100 1000

11 100 10
1001 1
911 100
10 1000
10 1000
10 1000
10 1000
10 1000
10 1000
10 1000
10 1000
10 1000

11 1 100
1001 2
911 2
10 1000
10 1000
10 1000
10 1000
10 1000
10 1000
10 1000
10 1000
10 1000

11 2 100
1001 2
911 2
10 1000
10 1000
10 1000
10 1000
10 1000
10 1000
10 1000
10 1000
10 1000

11 3 100
1001 2
911 2
10 1000
10 1000
10 1000
10 1000
10 1000
10 1000
10 1000
10 1000
10 1000

1000 1000 1000
8467 1
6500 4
5724 9
9358 8
4464 2
8145 5
6827 1
491 1
1942 5
5436 7
4604 1
153 2
2382 2
8716 1
9895 8
1726 7
1538 1
9912 9
6299 7
9894 5
3811 3
333 2
4664 3
7711 1
6868 3
7644 7
2757 2
2859 7
9741 3
778 9
3035 6
1842 0
106 8
8942 0
2648 4
3805 6
6729 0
5350 0
1101 6
3548 3
2623 9
9954 4
1840 6
7376 6
6308 1
2439 4
1323 6
1538 7
2082 8
6541 9
1115 3
9658 9
9930 4
2306 7
2386 3
8745 1
9072 4
5829 0
5573 7
6512 7
3290 6
8636 1
4767 5
5574 5
2052 1
1150 0
1724 1
3430 6
191 7
1337 7
2287 7
383 3
8909 5
9758 9
8588 1
4946 2
3030 6
9168 3
2591 0
1655 2
6359 0
537 4
6483 8
4041 5
4350 2
836 1
1020 4
4021 6
3199 8
4484 8
4734 1
1999 3
7938 8
3788 0
467 7
4893 8
2483 8
2421 7
6617 0
9514 3
7616 9
7451 5
5249 0
1556 9
303 8
1008 4
2609 4
2702 9
485 5
4343 3
1587 3
9503 4
5200 8
6618 8
9796 0
5281 8
798 9
7157 9
3622 2
2292 8
4179 8
9657 0
6191 8
2888 5
1511 6
2634 2
55 2
2646 8
4886 2
8433 5
142 9
1416 4
1998 1
8651 2
5699 1
8476 7
4389 2
712 5
2510 0
6869 3
4688 1
9789 1
6423 5
585 2
285 2
1426 8
3757 7
932 2
2154 9
7189 1
1329 6
8692 8
555 5
6549 4
9512 1
8060 5
3753 8
2423 9
5996 9
2529 7
7437 9
2949 6
3195 3
416 7
6105 6
6282 8
5734 5
1701 4
671 6
2263 6
4355 3
53 5
808 2
945 2
7756 3
9558 1
7982 6
4144 1
222 6
2161 9
450 5
466 3
1659 4
6439 2
24 3
9510 4
649 5
8313 6
8022 4
4018 8
9905 7
7391 8
3625 2
4414 7
5824 4
5874 4
159 2
8070 3
8297 7
8177 8
2270 3
2668 3
3985 2
8480 2
7627 3
4099 2
2625 7
1924 3
9972 3
4181 1
7432 3
7593 5
3031 5
142 2
1286 2
7900 4
8360 7
974 3
9170 0
833 5
5760 1
4667 6
2550 5
3694 0
1624 5
2125 9
1694 6
6302 8
2466 1
2593 8
5484 1
8464 8
3152 9
8087 0
1926 0
4757 0
315 0
227 6
2758 3
5109 4
7086 2
3487 5
4474 7
5627 5
1928 9
8520 3
4962 2
4596 3
3261 7
2525 5
8260 4
8116 2
326 0
771 1
5547 1
1520 3
4924 0
1763 8
851 0
3829 2
7713 0
7578 8
3007 5
1200 7
6439 8
2760 3
2324 7
5108 7
4887 3
2850 1
2428 0
7384 3
6540 5
8704 1
2356 5
9350 2
4485 3
3216 6
9357 6
3357 6
3271 7
9361 9
3022 6
112 7
8696 7
4041 5
4129 3
4565 9
8932 9
9855 6
6962 3
9734 4
6972 4
4369 7
2963 2
2483 7
1635 1
2848 7
2938 5
2142 3
6511 4
175 1
7825 9
7870 1
1934 6
1783 5
7398 0
2701 9
2734 3
6534 7
1993 6
5705 6
548 2
300 1
6641 3
4855 5
1462 2
877 1
2678 4
8443 2
2673 6
9313 0
72 5
610 8
4932 7
695 2
3831 9
6488 0
9090 5
2589 7
5145 0
9314 3
6740 1
1258 4
8759 5
7605 2
2181 4
3829 3
608 5
5997 2
9556 9
1627 1
9541 7
1240 9
9174 3
6077 1
8683 5
3992 3
5601 4
5759 2
6428 0
4084 7
8786 5
4970 8
3847 7
503 4
2663 1
2363 6
2171 0
8240 9
5542 4
913 9
6704 1
9232 8
5205 0
1539 5
1422 3
1247 8
3648 4
7864 1
1075 3
8712 5
8678 6
5262 9
3985 9
5944 9
8540 5
5508 5
7870 8
8323 1
4472 2
5087 2
9763 0
7103 1
3527 3
6969 0
5565 5
1543 8
2088 7
2637 3
6463 9
4681 9
1342 8
2060 8
1758 1
888 4
690 6
2843 9
5620 0
7067 8
783 6
2226 5
7038 5
5629 3
5748 4
3359 3
4766 7
4955 4
2726 8
1025 1
1001 5
9496 9
9515 4
3342 4
7913 5
1196 2
5072 8
4606 6
4429 3
6705 4
9812 6
93 5
6036 5
9141 6
5994 4
6652 6
838 6
1355 2
1131 5
7841 0
2011 5
4186 7
1650 0
1634 2
353 3
3452 6
7262 8
5454 3
6634 3
4256 3
1124 8
4213 7
4028 9
1080 0
6858 8
4155 0
5264 1
3676 3
6909 3
3561 2
4948 9
3653 2
2220 4
6923 2
9369 1
259 8
2619 8
3 1
9781 5
2392 4
5313 5
5589 8
5938 2
6410 7
6234 1
9961 8
6493 9
5269 5
8869 7
4700 8
6264 1
6215 7
7815 5
3039 0
9288 2
1954 2
710 5
4774 4
9815 0
6541 1
1679 5
5898 0
788 3
8132 7
8689 6
8 3
5790 1
1363 3
5184 8
7200 8
1885 1
1071 4
2867 3
4295 3
825 8
5629 6
2598 0
4693 9
80 6
2249 6
1528 7
7864 9
8405 1
6816 6
7726 6
9087 6
9964 1
5686 0
1662 1
6064 1
415 9
9873 2
3941 4
1762 5
7531 3
2268 6
5602 8
4307 7
1012 1
6630 6
6809 4
3556 4
1293 0
9152 6
5345 4
248 8
3712 1
114 1
7958 9
9704 2
1052 5
7479 9
6423 8
866 8
2498 9
1196 6
6633 2
2022 8
8392 6
3925 7
9458 7
807 2
7830 8
4600 2
799 8
448 2
540 2
4575 5
9567 2
8397 6
9897 8
3851 8
4230 6
6925 9
229 8
940 0
5147 0
1655 2
792 5
1754 1
3146 8
6946 4
9569 8
7663 8
4515 5
475 1
528 5
2570 4
9464 5
8962 7
524 1
7469 9
1923 0
4333 0
910 5
6336 7
1278 7
7636 3
8164 4
9949 1
2505 5
4 7
2623 7
9970 4
568 8
7085 1
8373 2
8194 2
3826 6
7572 6
4640 9
8819 4
2611 3
289 1
5565 9
7585 5
1450 6
2609 5
9166 4
6074 3
300 9
9573 5
3161 9
7968 2
6031 8
9426 8
422 0
8779 4
3552 0
5391 2
5764 5
1364 4
8255 2
474 0
6821 2
5547 2
9789 7
195 5
7950 4
754 3
1012 1
3439 2
5912 8
5967 2
4415 8
7223 8
6434 9
9486 4
958 9
6806 5
8700 6
7692 7
8532 7
974 6
5021 7
6222 3
2376 1
6948 3
7982 3
4776 8
1111 0
3856 2
8925 0
6486 4
5969 7
7534 3
2668 7
1991 8
7783 6
7727 8
5871 6
7612 7
1027 3
5545 8
7185 8
4237 8
1313 3
8850 1
2111 8
8149 0
1454 2
681 9
267 5
9793 3
5472 4
2830 2
8442 1
3877 7
702 0
1381 4
8823 0
8023 7
6595 9
2327 9
1310 2
1058 2
9487 6
2528 0
2258 1
9860 3
1286 3
8610 2
7128 2
5841 4
3503 8
4865 7
1881 8
2750 7
8598 4
2661 8
2756 3
278 7
9435 9
2075 5
1386 6
8360 3
6048 0
9492 8
3840 3
1735 6
1599 0
1892 7
7328 2
1369 2
1794 4
9252 8
7432 7
7208 5
3497 4
7649 3
6841 5
6100 9
648 2
9851 3
8633 4
7200 1
9990 4
4919 7
2578 0
2544 1
3487 0
2525 9
5538 3
6193 2
5011 2
5834 0
1497 0
8529 5
8805 0
3392 1
3549 0
6979 8
9277 1
193 3
1497 0
1276 6
6582 0
1159 8
6489 8
3449 9
9072 4
7008 0
208 7
8503 7
2607 0
2074 6
2611 2
8761 9
2890 6
6683 3
9932 6
2741 2
6813 4
396 2
615 0
2599 4
4680 6
7032 8
2584 7
3517 0
8670 6
8882 1
3523 9
2105 8
7095 1
9916 6
178 8
5058 9
2750 7
3729 7
2995 1
4676 8
899 3
5565 4
3608 3
1243 2
7514 9
5055 8
5973 1
6748 2
986 1
6446 4
6517 7
9916 9
5791 4
2912 9
693 6
9815 1
6857 9
6052 0
8551 6
1226 7
6955 2
8394 3
6097 0
7065 5
9261 3
1078 8
4140 8
1947 1
170 5
3489 5
6149 0
3865 3
7282 4
7432 7
6367 6
4882 2
7641 0
2187 1
6479 5
6538 1
9447 1
9646 8
5759 6
422 9
8486 6
2028 5
4860 4
1777 3
2503 8
2431 1
2455 2
2106 7
5821 2
6281 6
4455 1
7124 7
9135 8
1774 6
4998 9
9253 4
635 2
8888 3
3232 3
8680 7
5678 6
4801 0
4199 1
6363 5
573 6
3245 1
8274 3
4353 0
4287 1
8110 9
7465 3
2529 2
2112 1
4381 6
6890 7
8805 1
32 2
9320 9
5431 5
1293 8
6578 6
2206 8
8166 1
6697 6
3694 0
4788 9
7984 9
8978 9
4015 7
3684 6
7906 8
2097 8
4390 8
1785 9
9199 6
710 0
5813 1
6085 5
3580 8
7267 1
3444 7
4507 6
7827 0
6431 4
271 2
4693 8
337 5
7604 1
406 7
9022 8
5000 3
7537 2
1388 8
3289 5
3181 7
6584 3
761 7
8217 3
7482 1
5665 7
2104 3
9095 4
221 5
1781 4
8106 2
3343 6
7080 3
4868 0
3713 1
3251 8
2079 6
7040 8
2933 1
663 9
6653 9
2095 6
1874 5
6835 0
8976 0
5725 5
4808 1
9156 9
7832 2
440 5
1562 5
1962 5
1836 0
1202 7
80 8
2076 0
1493 8
8546 0
4773 4
8880 7
1072 5
707 0
666 5
3588 1
7168 1
9396 5
1009 5
8136 2
8762 5
742 3
7922 1
9248 2
7368 8
9714 7
3290 0
2759 5
1895 9
2640 3
4199 9
4791 5
8681 1
8753 2
2029 3
7042 7
83 3
5814 0
2244 8
7229 3
8864 2
470 9
1047 5
1487 4
3276 6
6540 3
3990 9
4710 8
7945 1
8470 1
3589 3
4978 5
5006 9
135 2
7196 7
2088 3
9779 5
4790 3
8965 2
9105 1
4567 7
3134 9
1457 1
3545 8
4218 7
4844 8
8563 2
9264 8
4723 1
7604 0
4227 1
3692 7
363 1
2363 1
3565 1
3445 1
495 0
5022 1
9151 2
8055 5
8738 3
9882 9

