2000
-6936 7449 463 -7349
-6269 6840 -4050 2402
-2732 -1660 -1021 -5082
-843 -4256 -5343 4744
-7084 8252 -5413 4910
-5744 5704 -1002 -3780
1619 -9978 898 -8536
1620 -9924 -4947 3210
284 -6982 -819 -4776
-2116 -2840 -6978 6884
-57 -5682 -2102 -1592
177 -5811 -493 -4471
-2362 -1039 -7173 8583
124 -6365 60 -6237
-3535 1609 -227 -5007
1696 -9052 -7269 8878
-4120 1631 1221 -9051
-4085 1399 -489 -5793
-6075 5431 1375 -9469
-7692 8999 -8031 9677
75 -6771 -5778 4935
-4984 2966 -6410 5818
-3557 445 344 -7357
211 -6535 -5217 4321
-3383 1479 -6166 7045
-1198 -4414 -8269 9728
-1744 -3188 -5810 4944
1376 -9691 -2790 -1359
-4606 2530 -5900 5118
235 -6946 -4116 1756
-124 -6681 -1208 -4513
-4020 1600 50 -6540
2368 -10000 -3254 1244
-7582 8238 -1017 -4892
-4723 3933 -1274 -2965
-5336 4619 -6641 7229
-1145 -4287 -520 -5537
-6251 6370 764 -7660
-5996 6289 -4957 4211
-5441 5029 -1160 -3533
1005 -7522 -7353 9194
1031 -7687 -105 -5415
-5587 4407 -8326 9885
-4376 2954 -1611 -2576
-4296 1534 -2089 -2880
-3525 823 -5076 3925
-5950 6176 -3856 1988
860 -8382 -7285 7908
-5863 5011 -7245 7775
-705 -4297 -2787 -133
1496 -9290 -4517 2736
466 -6690 754 -7266
-4510 2309 -3363 15
-5638 4525 491 -7733
-3534 1411 -6120 6583
-743 -5035 -6061 5601
-3606 1628 -2672 -240
-3856 809 -4187 1471
-2501 -2041 -7388 7733
-60 -5698 1870 -9558
-3795 1457 1515 -9163
780 -6932 -2134 -1104
-7873 9345 -4365 2329
-6174 5271 -7493 7909
1305 -9030 -5474 4528
-6748 7779 -892 -3933
-6946 7983 -1577 -2755
-920 -4516 -2246 -1864
1468 -9331 -1634 -3127
-3846 2406 -845 -3596
-3233 561 -4809 3713
-4107 1789 -6726 7027
771 -6822 1870 -9020
-516 -4267 -4778 4257
-440 -5451 -5813 5295
74 -7284 -1373 -4390
-4004 850 -6750 6342
-3581 679 -3681 879
-5138 3503 -5044 3315
425 -6972 -2895 -332
-2462 -1671 -4988 3381
-5063 4076 -3296 542
737 -7832 -1509 -3340
-7099 8678 -3419 1318
-8119 9231 -4109 1211
435 -6742 -7096 8320
1569 -9138 -6347 6694
-804 -5218 -2384 -2058
-2508 -453 -166 -5137
1337 -8364 1583 -8856
-7369 9248 382 -6254
-5869 4883 -581 -5693
-115 -6276 -4324 2142
591 -7186 -736 -4532
1750 -9436 -6869 7802
-6128 5420 -5251 3666
-6131 6951 -7614 9917
1475 -9920 -4692 2414
-177 -5622 -1062 -3852
-966 -3279 -451 -4309
-1922 -2450 -1863 -2568
-989 -4638 866 -8348
-5331 4510 -1966 -2220
89 -5685 -2789 71
-7495 9027 -1630 -2703
-3015 357 2120 -9913
-2731 -760 -4694 3166
-7422 8934 -6917 7924
37 -5478 141 -5686
-8330 9892 -1057 -4654
-6142 5154 -7977 8824
-1844 -3481 408 -7985
29 -6345 1026 -8339
197 -5750 -2900 444
-5963 4762 -2641 -1882
-6548 6932 -5076 3988
-1321 -3499 -3947 1753
-1873 -2101 -3027 207
569 -8187 240 -7529
-6585 7594 -2493 -590
-6671 7751 -4222 2853
-2722 -614 -4804 3550
-2218 -2461 -7961 9025
113 -6580 -2914 -526
-993 -5070 -5899 4742
-537 -4777 -6798 7745
-2370 -1205 -53 -5839
-1067 -4510 -5684 4724
-4213 1603 -7516 8209
-223 -5390 -2216 -1404
-2389 -2052 -4360 1890
562 -6646 -5561 5600
1564 -8986 -1859 -2140
-3780 1171 456 -7301
-2057 -2386 1371 -9242
1979 -9626 -7815 9962
-7997 9249 -3237 -271
-5542 5205 1473 -8825
-507 -5910 -7720 8516
-5190 5167 -3632 2051
-7323 8477 1318 -8805
-376 -5791 489 -7521
-4544 2838 -3190 130
-6396 6716 591 -7258
-6304 7403 -1158 -2889
1607 -9660 274 -6994
-3039 422 862 -7380
1488 -8714 -462 -4814
-3288 1018 564 -6686
-1481 -3649 -7909 9207
-6543 5972 -5378 3642
-2006 -2875 -5011 3135
-3425 1301 1198 -7945
-7708 9065 -1618 -3115
-733 -5052 -911 -4696
-5947 5895 1523 -9045
-7315 9238 -6079 6766
1682 -9402 -7758 9478
-1960 -2834 -1433 -3888
-5725 4678 -7077 7382
-6269 7268 60 -5390
-2629 -1022 -8 -6264
-5773 4644 -8241 9580
-2629 -491 1778 -9305
-236 -5831 -5338 4373
-3799 2184 -3661 1908
-3540 992 -2981 -126
-4509 2401 -6875 7133
-950 -4366 1463 -9192
-3966 2216 -2597 -522
-900 -5174 -1978 -3018
-5599 4848 -1520 -3310
-4395 2734 -3866 1676
-238 -4874 -6814 8278
-5232 3551 1473 -9859
-8186 9344 -3181 -666
-2558 -1686 168 -7138
-2193 -2652 -2489 -2060
-5306 4774 -894 -4050
-2094 -1479 -5040 4413
-6784 6572 -3673 350
-6768 7458 1957 -9992
-1208 -4631 -7525 8003
-2017 -1643 -4352 3027
-730 -5006 -5516 4566
-5919 5704 -1805 -2524
-3278 342 -1882 -2450
-2268 -2490 -2219 -2588
1811 -9992 -1289 -3792
-5919 4832 -476 -6054
-1019 -5022 -4891 2722
-5668 4530 -238 -6330
-1881 -2984 -7704 8662
-4062 2890 304 -5842
-2387 -1774 -5519 4490
1262 -9123 -7071 7543
-291 -5689 -5401 4531
-7403 8564 -977 -4288
-7522 9089 -7305 8655
2053 -9949 -6201 6559
-6399 7445 13 -5379
598 -6719 -51 -5421
-7479 8594 -6776 7188
-6406 6992 -2188 -1444
1125 -8459 -473 -5263
-1163 -3985 -3950 1589
1335 -7979 -210 -4889
-2448 -1712 -230 -6148
-253 -5381 1276 -8439
2008 -9999 -2211 -1561
-4990 3119 1012 -8885
-3054 -425 -7835 9137
-4533 2686 -1983 -2414
-5984 4850 -5497 3876
1158 -7629 -1946 -1421
-3135 -821 -7639 8187
-10 -6745 -1548 -3669
-6251 6693 -1756 -2297
-7366 7572 -1098 -4964
-3484 773 -2507 -1181
-8044 9102 -5154 3322
485 -7623 -7069 7485
-4531 1987 -6433 5791
-3166 1111 -2137 -947
-5248 5161 -6895 8455
-1355 -2631 -4466 3591
1760 -9794 -6642 7010
-6593 6711 -4066 1657
-533 -4396 -258 -4946
-4880 4205 -1797 -1961
-5581 5077 -6981 7877
-3831 1491 -1932 -2307
-6035 5653 1200 -8817
-2311 -894 363 -6242
-6597 6326 -3271 -326
-7185 7537 -6590 6347
-2233 -1696 -3716 1270
-1615 -3455 -8180 9675
1622 -8937 -3067 441
1102 -8362 -6626 7094
-4651 2745 1037 -8631
-5915 4669 -4570 1979
622 -8059 -3354 -107
-4203 2006 1689 -9778
-7494 8521 493 -7453
-2650 -385 -7028 8371
-104 -6196 -896 -4612
-6761 8072 -1422 -2606
373 -6187 -1540 -2361
-5885 6030 -6774 7808
-4333 3063 -69 -5465
-378 -6257 -5232 3451
-2934 643 -6215 7205
-6097 6352 -6611 7380
-7582 8905 -4774 3289
406 -6856 -3347 650
124 -6844 -7509 8422
-2096 -1622 -310 -5194
-7506 7945 -3736 405
425 -6966 -2847 -422
-7455 8507 -6935 7467
78 -7330 -7583 7992
-3231 69 -6088 5783
-2415 -665 -3414 1333
-5096 4133 -5671 5283
1966 -9994 -5166 4270
-5552 4722 1466 -9314
-6744 8054 -3400 1366
-3913 2037 763 -7315
-1829 -2891 1221 -8991
1935 -9204 -4415 3496
-6621 6244 4 -7006
-1208 -4686 -6007 4912
-5897 5037 -3030 -697
-1325 -3109 -63 -5633
-746 -3873 -6337 7309
-4340 1795 -2717 -1451
-2280 -1982 -3298 54
-5506 3970 -2999 -1044
-4378 2956 -2013 -1774
-5171 4420 -2421 -1080
562 -7990 1420 -9706
-710 -4730 -1208 -3734
133 -7130 -1026 -4812
-5974 5924 -4841 3658
-7276 8195 -6974 7591
-5632 5792 -2242 -988
-3730 1745 522 -6759
-329 -4873 -1543 -2445
-1436 -3883 -4454 2153
-3605 1733 425 -6327
-6781 7290 -7209 8146
1566 -9917 -3666 547
1216 -8951 -4709 2899
-5045 3802 -34 -6220
-6681 7962 -3735 2070
-5794 5708 1774 -9428
-5976 5546 -1427 -3552
1133 -7828 -7632 9702
-6059 5932 1141 -8468
706 -6922 -6969 8428
-2582 -557 61 -5843
-2879 414 1327 -7998
-3670 1599 -7489 9237
-5094 3009 -7194 7209
-6383 7288 -6264 7050
1035 -7429 1633 -8625
-3365 1324 -2265 -876
-5348 3548 -7554 7960
-2569 -1605 -2312 -2119
311 -6705 -2916 -251
-852 -3683 1541 -8469
-2684 -1422 477 -7744
-1000 -4016 -5786 5556
-1452 -2994 -557 -4784
-3024 480 -3224 880
-5640 5637 1076 -7795
-3997 1960 1686 -9406
-704 -5182 -4627 2664
-5872 5992 1857 -9466
-7437 8880 62 -6118
-966 -4170 -8041 9980
-3556 906 -5010 3814
-4799 2535 -6822 6581
1940 -9834 -2230 -1494
-1442 -2416 1852 -9004
-7398 9255 -1659 -2223
-6549 7796 1497 -8296
58 -6945 -3351 -127
-5071 3061 1415 -9911
257 -5980 -1272 -2922
-7417 7723 -2557 -1997
-3150 914 -5098 4810
-3632 161 -5562 4021
-3814 2174 -7345 9236
-2561 -1388 -1315 -3880
-1005 -4005 -6218 6421
-3331 367 -6487 6679
-6510 6455 -6108 5651
-7830 9466 598 -7390
751 -7571 -7581 9093
-4754 3637 -7070 8269
-3173 -192 -6132 5726
-6509 6381 -5460 4283
-5389 5534 -2860 476
261 -7629 -2044 -3019
-564 -4647 1874 -9523
-897 -3926 -2956 192
-4507 2107 -6532 6157
-564 -4415 -1175 -3193
-187 -5101 -2869 263
-802 -5292 613 -8122
-114 -6010 -3157 76
-1015 -3589 -2766 -87
2298 -9867 -886 -3499
-4610 3020 -6254 6308
-3459 -12 -1398 -4134
-697 -4419 -6371 6929
-1081 -4303 -2173 -2119
-6290 6725 -6876 7897
-3462 1666 -5244 5230
-3450 1341 907 -7373
-483 -4516 -837 -3808
-5439 3751 -3034 -1059
-554 -5072 -4908 3636
-682 -4287 -3176 701
903 -7417 -5607 5603
-6303 5991 -8269 9923
-6827 6830 -4201 1578
-3978 1081 997 -8869
824 -7332 659 -7002
-2557 -1718 -2526 -1780
1104 -8990 -2021 -2740
-7778 9036 -4331 2142
-6137 5975 -2820 -659
-1704 -3378 1182 -9150
-8269 9573 -114 -6737
-3079 123 947 -7929
-1525 -4121 -4976 2781
-5256 4630 -2717 -448
-878 -3833 -2043 -1503
-3930 807 -723 -5607
-2690 -1691 767 -8605
483 -7292 -506 -5314
-2648 -1280 -3567 558
-3637 91 -3629 75
-2422 -1323 894 -7955
-7035 8596 -3766 2058
-2101 -2973 -3686 197
-6661 6569 -3802 851
-715 -5627 -1007 -5043
-5930 5038 -5704 4586
-7851 9067 -986 -4663
-3425 1056 -5182 4570
1507 -8830 -4631 3446
-5488 5605 -1941 -1489
-1140 -4010 -4789 3288
977 -7997 -6936 7829
-7483 8656 1226 -8762
-5364 3620 -5443 3778
-1295 -2737 -5982 6637
-3453 1232 -2422 -830
579 -6705 -5695 5843
-2777 -750 -4804 3304
-6412 6476 -5078 3808
1198 -9347 1065 -9081
-5768 4518 -7468 7918
1922 -9222 -6418 7458
-2201 -2244 -1147 -4352
721 -7129 58 -5803
-4388 2018 -570 -5618
2038 -9829 -2048 -1657
-419 -4889 2114 -9955
-3998 2723 -4848 4423
-493 -5275 -5653 5045
-3383 870 -1664 -2568
-7102 8449 1299 -8353
2045 -9691 518 -6637
-5646 4414 -4109 1340
-2042 -1672 -1490 -2776
-4910 3928 -7898 9904
1207 -9019 186 -6977
2017 -9370 -1144 -3048
-7565 9350 -1416 -2948
-1167 -4322 884 -8424
-7413 8183 -858 -4927
-5507 4480 113 -6760
-3542 1624 -7121 8782
-751 -3953 -1145 -3165
1100 -8549 1225 -8799
-4130 2596 -629 -4406
-2207 -2336 -7616 8482
-8277 9575 697 -8373
-4041 1379 188 -7079
-3189 1154 384 -5992
1424 -8123 2221 -9717
-2584 -722 211 -6312
-4845 2698 -1149 -4694
-5084 3845 -2408 -1507
-8042 9084 -1627 -3746
-2899 -577 -2733 -909
-6897 6874 -5497 4074
-6537 6573 -3552 603
524 -7486 -407 -5624
-2066 -2602 -3120 -494
-1237 -3353 -702 -4423
-3072 130 428 -6870
-2020 -2615 -6314 5973
-7183 8041 -8055 9785
-6458 6039 434 -7745
-941 -3338 -1069 -3082
-7704 8367 -2166 -2709
-7291 8825 -4987 4217
-3228 299 -195 -5767
-3910 2042 -4900 4022
-1955 -2783 -5689 4685
-5165 3867 -1247 -3969
-510 -5078 -8010 9922
-1044 -4705 -6316 5839
-1011 -3464 -1080 -3326
-257 -6538 -5496 3940
-4297 3256 -4314 3290
171 -6451 1198 -8505
-1832 -1656 -7100 8880
-7951 9455 -6822 7197
-5362 4982 -185 -5372
-3767 2306 -3977 2726
-525 -4865 -7369 8823
-5995 6416 -6467 7360
-4621 2478 -6063 5362
-5189 3717 -2466 -1729
-71 -6995 -7612 8087
-5406 5527 1204 -7693
-746 -3739 -3758 2285
-7633 9184 -5397 4712
-6391 7154 -1795 -2038
-2198 -2279 -254 -6167
-6610 6900 -4521 2722
-1188 -3490 -5270 4674
-3961 892 109 -7248
-3431 977 -5724 5563
-174 -6252 -1871 -2858
-470 -4722 -6585 7508
134 -6314 -509 -5028
-5264 3441 -7685 8283
156 -5714 -456 -4490
-7219 7477 -2729 -1503
-73 -6560 1179 -9064
-4555 2987 -1957 -2209
736 -6904 -7014 8596
-195 -5488 -1186 -3506
268 -5802 -5984 6702
-2439 -928 -1709 -2388
-2482 -532 -2282 -932
-7480 8378 -4482 2382
-7639 8386 -2864 -1164
-471 -4919 -7818 9775
-3562 832 1331 -8954
-7486 8086 -7342 7798
-3395 1238 -2668 -216
-7214 7495 638 -8209
835 -7695 -7882 9739
1604 -9078 -7402 8934
-1169 -3682 -1927 -2166
-314 -5880 -7371 8234
-5256 3948 -110 -6344
-6718 7891 -5932 6319
-767 -5488 -3331 -360
-8411 9825 -933 -5131
-5943 5492 -482 -5430
-7614 9907 -6878 8435
1438 -8416 -4397 3254
-377 -6160 1142 -9198
-5167 3776 -8039 9520
-6168 6129 -8042 9877
-4777 3349 1620 -9445
-5011 4309 -2073 -1567
-2054 -2454 -366 -5830
-4648 2569 -3517 307
-1078 -4041 656 -7509
-204 -5583 -5038 4085
-6404 5656 -6691 6230
1326 -8680 -6762 7496
-8222 9933 -779 -4953
-4539 3750 2003 -9334
-458 -4666 -2015 -1552
-7438 8345 -931 -4669
-1478 -2345 -5067 4833
-3008 -885 -16 -6869
1968 -9267 -4182 3033
-4149 2917 1349 -8079
-3640 331 -5481 4013
-2830 -1318 -4049 1120
-959 -3338 -4836 4416
-102 -6326 -1764 -3002
-3708 1644 1361 -8494
-3174 740 -3295 982
-1840 -2501 -4193 2205
-5984 5032 -4904 2872
-7786 9133 -2858 -723
-7437 7829 -5072 3099
-4109 1106 -5167 3222
-4593 3159 -3489 951
1046 -7437 -2575 -195
-7863 9605 1094 -8309
-1376 -3074 -4602 3378
-4413 3022 -650 -4504
-7095 8682 -211 -5086
-850 -4556 -6646 7036
-3223 -585 -7130 7229
612 -6971 -3496 1245
281 -7442 971 -8822
-423 -4458 -6509 7714
-4821 2968 -7604 8534
-5733 5389 -386 -5305
1825 -8980 -7165 9000
788 -8154 952 -8482
-3287 321 -2562 -1129
1794 -8970 -3068 754
1115 -8991 -12 -6737
-2689 -1562 -3309 -322
934 -8303 -8157 9879
-3529 693 -527 -5311
-5411 5054 -3480 1192
1221 -9390 -1865 -3218
-559 -4124 -5635 6028
-7806 9901 -6267 6823
1188 -7814 -5816 6194
-5011 4331 -3415 1139
1726 -9182 -927 -3876
-2691 -1349 -2924 -883
-81 -6614 -2021 -2734
483 -8032 -3408 -250
-4529 2186 1424 -9720
-4225 2979 -7396 9321
-5720 5712 -4518 3308
1314 -9801 -6185 5197
-6923 6989 -1208 -4441
-2306 -1592 -2260 -1684
-6743 8189 -4637 3977
-4031 1580 -5652 4822
2068 -9696 -212 -5136
-3703 782 740 -8104
-3151 835 2150 -9767
-5418 4388 -1705 -3038
1495 -9738 -2209 -2330
-1057 -4785 763 -8425
-7729 9265 1046 -8285
-894 -4851 -6432 6225
816 -7853 -5307 4393
2092 -9416 -3131 1030
470 -8050 -611 -5888
1320 -9478 -3062 -714
-1560 -2528 -6678 7708
497 -6828 -639 -4556
-4028 1596 -5280 4100
1219 -8249 -5912 6013
-5690 5146 1848 -9930
1457 -9253 1746 -9831
-2404 -858 899 -7464
-4003 1985 -4970 3919
-3024 188 -1323 -3214
-1949 -2517 -5978 5541
159 -7270 -5718 4484
-7539 9587 -6938 8385
-4834 4073 -3068 541
-4366 1800 1510 -9952
-497 -5137 -676 -4779
-6587 7761 -3178 943
-1946 -1895 627 -7041
-7366 8351 -6240 6099
-3579 1896 1186 -7634
-7461 9025 -1083 -3731
1670 -8866 -6946 8366
-5105 4317 1300 -8493
-754 -3747 -5946 6637
280 -6461 -4516 3131
-1786 -3347 -5743 4567
-1095 -4009 -7382 8565
214 -7184 678 -8112
-5901 5465 -3530 723
-7709 8795 -2587 -1449
-3393 -333 -6370 5621
-5937 5115 -3142 -475
-245 -6189 -5138 3597
-2426 -575 -2787 147
445 -7844 -5757 4560
68 -5799 -7015 8367
-1190 -2983 -4421 3479
-1935 -2653 -7370 8217
-7443 8579 213 -6733
-6034 5522 -5673 4800
-3158 -256 -6690 6808
-5177 4942 -3666 1920
-3081 99 -2346 -1371
-399 -5536 -353 -5628
-2168 -2827 -824 -5515
-7774 8483 -7358 7651
-5142 4797 -4839 4191
-1052 -3484 -3244 900
1100 -8910 -5461 4212
-4620 3017 -6031 5839
-1798 -2491 -2579 -929
-4649 2293 -1398 -4209
-7048 8711 907 -7199
-422 -5333 -2627 -923
-5791 5797 -7509 9233
-7520 8346 -1825 -3044
-4849 2711 807 -8601
-285 -5573 -7514 8885
-1062 -4792 -797 -5322
-65 -5675 -6306 6807
-5158 4345 -6462 6953
-4009 2780 -3672 2106
-918 -3540 -2920 464
-3612 998 -2489 -1248
-6361 7205 -2472 -573
-4764 3899 -2736 -157
-3165 1128 1000 -7202
-1598 -3232 -3290 152
-581 -5039 837 -7875
-3848 736 1385 -9730
-3995 2506 -2649 -186
770 -7821 -5369 4457
-959 -3651 -4932 4295
-6609 7399 -6025 6231
-4341 1757 -7962 8999
-2482 -1084 -6884 7720
1849 -9053 -6744 8133
-4166 1404 308 -7544
-8028 8872 -4827 2470
-6827 8378 1458 -8192
-5867 4707 -4299 1571
-2135 -2071 -6871 7401
-2743 -1012 483 -7464
882 -8870 -3988 870
-412 -5087 -5334 4757
-4703 2605 -2271 -2259
-416 -4579 -4006 2601
963 -8205 -6432 6585
-2767 -1088 1216 -9054
-1337 -3513 -3715 1243
-394 -5449 -4874 3511
-445 -5681 -2886 -799
-526 -4747 -2083 -1633
-2570 -1125 609 -7483
-202 -4848 -2977 702
-3755 882 -4064 1500
1075 -7854 -7098 8492
-4735 4144 -1259 -2808
-8072 9876 -3065 -138
-6595 6563 -7974 9321
-1928 -2191 -4719 3391
-2383 -1103 -6358 6847
-975 -5239 -8070 8951
1362 -9714 -7860 8730
-1255 -2941 -7152 8853
-1888 -2325 649 -7399
-4947 4375 -3605 1691
-7125 7817 929 -8291
-2218 -931 -2162 -1043
-1339 -4325 -3677 351
-5194 5104 -1992 -1300
-6315 6861 -4665 3561
-7552 9810 -5418 5542
-2427 -342 -4302 3408
-6204 6428 -1561 -2858
-1673 -3491 -2411 -2015
1323 -7891 -925 -3395
-1337 -2579 -6141 7029
-6629 -4357 6547 2231
-2774 -715 648 -7559
-1605 -3957 -6445 5723
916 -8222 170 -6730
-4589 3295 -2832 -219
-5523 5200 -1526 -2794
-5950 4907 -6021 5049
-7856 8768 -7602 8260
1268 -8554 -6830 7642
-4131 1836 -8024 9622
-2097 -2655 -2233 -2383
1149 -7777 -4107 2735
352 -7830 -6025 4924
-5037 4101 -6333 6693
2172 -9658 -3955 2596
1617 -8814 -3775 1970
-1377 -3166 -3725 1530
1399 -8349 -2229 -1093
-6386 7193 -2574 -431
-4350 3371 -1284 -2761
-5764 5904 -7262 8900
-318 -5518 1624 -9402
427 -7147 -5434 4575
-6448 6969 -783 -4361
845 -8413 925 -8573
912 -7770 288 -6522
-5523 4524 -2830 -862
-317 -5120 -203 -5348
-930 -5161 -5113 3205
581 -6662 -3522 1544
-463 -4268 -1888 -1418
-2277 -2147 -118 -6465
-7239 7583 -2987 -921
-2230 -1876 -6784 7232
-3710 1827 851 -7295
-2839 -650 -5219 4110
6342 2129 266 -909
-3059 -303 -7741 9061
126 -7100 -8225 9602
-8211 9611 -238 -6335
-3048 -847 1350 -9643
-62 -6542 311 -7288
-426 -5782 -664 -5306
-4605 3576 658 -6950
-4337 2810 -7101 8338
-1125 -4300 -4240 1930
-1256 -3267 -2564 -651
-2053 -2817 103 -7129
-997 -4805 -7642 8485
-6214 6433 -4366 2737
-1657 -3336 -6222 5794
-6771 7654 -6961 8034
23 -6161 -481 -5153
-6050 6095 -6782 7559
-2074 -1922 -1301 -3468
-994 -3648 -2083 -1470
-1993 -1329 -4321 3327
-8024 9845 -920 -4363
-1384 -3445 -6283 6353
-999 -4148 322 -6790
-3613 1580 419 -6484
1379 -9222 -6993 7522
-7082 6998 172 -7510
-4371 1633 -3522 -65
1747 -9135 -4651 3661
-4412 3215 -2500 -609
-2322 -1647 498 -7287
710 -8049 -1067 -4495
654 -7257 1530 -9009
-6699 7015 -4798 3213
-4998 3713 -3438 593
883 -8844 -2460 -2158
1213 -8059 -989 -3655
-1061 -4425 -4242 1937
-4232 1481 -6140 5297
-1100 -4618 -3438 58
-5161 4811 -6355 7199
-4613 3806 -4796 4172
-5364 4735 -1323 -3347
-3566 286 1329 -9504
-6142 5304 -190 -6600
-2469 -378 940 -7196
-125 -5894 -4229 2314
344 -6260 -1073 -3426
-4499 3237 789 -7339
-1658 -2814 -7545 8960
140 -6524 -1888 -2468
-5178 4032 -1547 -3230
-3099 999 -5913 6627
-1622 -3806 112 -7274
-3462 1459 638 -6741
-1088 -3546 -1598 -2526
736 -6971 -5354 5209
-6759 7393 -7983 9841
-719 -5251 -8223 9757
-4153 2792 -3325 1136
468 -7276 587 -7514
-1441 -4179 -4246 1431
-4211 2055 411 -7189
-2633 52 567 -6348
-4317 3137 -3248 999
1062 -8787 -1633 -3397
-1237 -3445 871 -7661
-6085 6614 -3030 504
1851 -9711 -3521 1033
-1901 -1958 -6439 7118
-1945 -2330 1330 -8880
-2621 -708 -6341 6732
-579 -4109 -3903 2539
-7400 9590 -633 -3944
152 -6540 -6409 6582
-4387 3321 1543 -8539
-6813 7008 -3968 1318
649 -6622 -2406 -512
-4946 3788 -3508 912
-228 -6437 873 -8639
-3449 1197 -3630 1559
-5539 3913 -121 -6923
-2920 -1012 -6420 5988
-156 -6562 1369 -9612
2247 -9887 -6161 6929
-2159 -2378 362 -7420
-3925 2466 -2519 -346
-5908 4843 41 -7055
-2350 -2210 -4387 1864
-2489 -1441 -7367 8315
-6324 7139 -3935 2361
-2175 -1148 -5856 6214
-1272 -3218 -1239 -3284
-2411 -2365 -137 -6913
-3191 -735 -5163 3209
-7593 9021 -4450 2735
966 -8431 -6054 5609
-2485 -470 -1126 -3188
-5972 5716 1636 -9500
1205 -8971 1445 -9451
1817 -9574 -409 -5122
128 -5819 -285 -4993
-8243 9826 -2516 -1628
93 -6189 -6473 6943
2029 -9983 -3539 1153
-6498 6460 -2086 -2364
527 -6592 -1085 -3368
2155 -9733 2113 -9649
-1899 -2251 -603 -4843
-4916 3063 -2477 -1815
1498 -9181 -6017 5849
1172 -8857 -5333 4153
-2314 -1324 -7536 9120
-3263 579 -7105 8263
1370 -9600 -5945 5030
-162 -5888 -6467 6722
-1074 -3885 -1700 -2633
1454 -9178 -7566 8862
758 -7225 895 -7499
123 -5441 1913 -9021
-7142 8840 -7656 9868
-185 -5808 -2201 -1776
55 -5468 -4813 4268
-6783 6554 -6535 6058
-7062 8760 -574 -4216
-2891 -580 -2769 -824
-7555 8446 -2612 -1440
-2850 -110 -2773 -264
-4750 2915 -739 -5107
-371 -5324 -4725 3384
-492 -4307 -1312 -2667
-4046 1841 -5548 4845
-7903 8848 -7803 8648
-7534 8414 1520 -9694
-3016 261 -7141 8511
-6319 6526 -3980 1848
-3977 2278 -1727 -2222
-7499 8779 -5297 4375
1216 -7999 999 -7565
-3740 1506 -2266 -1442
-585 -5721 1159 -9209
-4344 1905 -6633 6483
-929 -4612 -4054 1638
-837 -4406 -7072 8064
-1299 -4172 -2800 -1170
1003 -7718 -1067 -3578
1669 -9762 -6819 7214
1126 -9394 562 -8266
-5665 5024 -8116 9926
-5194 4155 -6570 6907
-5906 5573 -2302 -1635
-7394 9496 -3454 1616
-3042 -230 -2747 -820
1647 -9596 -4453 2604
-3559 213 385 -7675
1184 -7742 -1426 -2522
-4434 2582 -1877 -2532
355 -6801 -5657 5223
735 -7085 -6300 6985
-4411 2041 -8257 9733
-7586 8770 -4790 3178
1283 -9380 -6038 5262
-5219 3981 -6190 5923
956 -7115 297 -5797
-1163 -3035 -2182 -997
-7459 7959 -5740 4521
-6443 6611 -2907 -461
999 -7220 -7497 9772
-7340 8038 -3142 -358
-3557 854 -6441 6622
-910 -4502 -8 -6306
-2009 -2137 992 -8139
-7137 7479 -3087 -621
-3423 1568 -4424 3570
1974 -9602 -7089 8524
-993 -3942 -5823 5718
1001 -8483 -1447 -3587
-3787 1934 -6183 6726
-6283 6472 -3600 1106
-5355 4826 -188 -5508
-6832 7599 -1621 -2823
1310 -9161 -8147 9753
-7300 8611 -357 -5275
-6011 5811 -7437 8663
-2710 -864 -4443 2602
-4496 2418 -1985 -2604
-1313 -4457 -7695 8307
-7741 9681 -4874 3947
-8053 9761 -7720 9095
-4590 3686 -3104 714
-2577 -1009 -625 -4913
729 -6947 -978 -3533
-3505 551 -1272 -3915
-3223 1157 -3703 2117
779 -7629 -4930 3789
-987 -4580 -6258 5962
-2345 -914 1570 -8744
-7658 8978 -35 -6268
-427 -5797 606 -7863
-5349 3956 -7813 8884
-1594 -3787 -3325 -325
500 -8036 -8116 9196
-5401 4368 -1642 -3150
-2525 -868 204 -6326
-4935 4473 505 -6407
-7910 9630 -3746 1302
553 -6515 -6929 8449
-4792 3552 -881 -4270
1218 -8805 -4480 2591
-4922 4194 1760 -9170
-2144 -1979 -2879 -509
1522 -9051 -4910 3813
-1019 -4137 -7038 7901
-3895 1203 -7468 8349
-1035 -5012 -1368 -4346
-7955 8926 -6210 5436
-7030 7152 570 -8048
1698 -9045 -6364 7079
-299 -5004 -4564 3526
-7881 8727 -6776 6517
-1915 -1663 116 -5725
-7916 9681 -756 -4639
-2836 30 -3039 436
-6762 7251 -7776 9279
-4824 2463 -4574 1963
-2333 -570 -5586 5936
-3855 1425 -3957 1629
-1680 -3038 -7611 8824
-2045 -2514 552 -7708
-5840 6474 -2276 -654
2066 -9719 -1309 -2969
-2330 -2495 -517 -6121
857 -7054 1247 -7834
-7601 8022 171 -7522
-4804 2704 -4520 2136
-4317 2753 -2405 -1071
-3378 58 -294 -6110
-3140 347 -3832 1731
-3907 2038 -6135 6494
-4548 2384 -529 -5654
-4837 2765 425 -7759
-3711 619 -6322 5841
-8193 9846 -1896 -2748
-7603 9773 -4185 2937
-861 -5044 -4931 3096
-4312 1610 -6173 5332
21 -6273 -5500 4769
-4861 3005 -5091 3465
-4964 4345 -7766 9949
655 -8009 -1978 -2743
1678 -8705 23 -5395
-6539 6004 -3403 -268
-1971 -2863 1311 -9427
-7515 8677 -5567 4781
-5155 4524 182 -6150
-3650 1098 -455 -5292
56 -7135 -8335 9647
-6273 5536 1333 -9676
-8059 8940 -4099 1020
-7853 9638 -7794 9520
-5562 5538 -6185 6784
-2265 -1831 -4157 1953
-4492 3098 -3255 624
-6251 5727 -7747 8719
-703 -5570 -4486 1996
-2234 -2306 -7131 7488
-4075 1130 -2404 -2212
-232 -5494 -5340 4722
-4293 2430 -3138 120
-2792 -713 -8114 9931
-1150 -3347 -2770 -107
-2395 -836 -2514 -598
1064 -8971 721 -8285
-5757 4660 -1310 -4234
-7115 8947 -3377 1471
-6008 4919 -740 -5617
-5481 4520 -3779 1116
-1589 -2969 -3326 505
-2280 -1665 -6833 7441
-1812 -2207 -5034 4237
-5928 5767 -469 -5151
6 -7023 -2474 -2063
-5859 5784 -7768 9602
-3601 1985 1553 -8323
-5363 5297 343 -6115
-2866 -917 -3621 593
-56 -5333 -2751 57
-7487 9591 -5793 6203
-2715 -787 -7679 9141
-3692 698 -4213 1740
-5936 6318 -4619 3684
-2994 -1188 -7556 7936
-398 -6300 -6498 5900
-6679 7738 -6411 7202
-4443 3362 -7358 9192
-3642 547 667 -8071
252 -6356 -1502 -2848
1934 -9178 -3681 2052
-4839 3766 -2623 -666
-7290 9345 115 -5465
-3361 563 83 -6325
-5692 4654 -7519 8308
-6135 6314 352 -6660
264 -7340 -845 -5122
-5271 4937 -6313 7021
1750 -9682 -6128 6074
-4636 3884 -4991 4594
376 -7034 1108 -8498
-6486 6585 -991 -4405
1264 -9117 -4071 1553
-4367 3002 -4510 3288
-222 -6522 -348 -6270
-6 -5641 533 -6719
-5476 5260 -5992 6292
-2034 -1400 -4764 4060
1424 -9538 -3831 972
-7267 9061 -5720 5967
-5471 3880 -8475 9888
-5186 3431 -1681 -3579
-1596 -2426 -2148 -1322
-2452 -1736 -6702 6764
-4680 2693 385 -7437
1868 -9059 -6675 8027
-484 -4568 -2158 -1220
1199 -9089 -2179 -2333
-3405 729 1415 -8911
-4297 3131 -7690 9917
-3907 1665 1391 -8931
-5323 5251 2195 -9785
1614 -9797 -2456 -1657
-2166 -1075 -6290 7173
144 -7374 -4608 2130
-5706 4739 -7176 7679
1030 -7484 755 -6934
-5020 4346 1150 -7994
-5963 4981 -3740 535
-4507 3733 -905 -3471
-5132 4397 -2213 -1441
-3356 574 -7044 7950
-1110 -4257 -1000 -4477
-3063 541 663 -6911
269 -6305 -7869 9971
-705 -4262 -304 -5064
-866 -5189 -8449 9977
-6300 7335 -6747 8229
-6312 6280 -683 -4978
-2879 63 -7044 8393
-942 -4838 -3842 962
-7220 8519 40 -6001
-3470 598 342 -7026
-2314 -1732 -1202 -3956
959 -7326 -1106 -3196
-244 -6291 -5943 5107
-5830 6453 -1333 -2541
-1927 -2294 -940 -4268
-5978 6149 -2467 -873
-5519 4092 -3222 -502
-5389 3657 365 -7851
-5681 5360 1200 -8402
-6831 7665 -815 -4367
-5620 5921 -228 -4863
-3739 877 -5026 3451
-7984 9046 -212 -6498
-1210 -3353 -5614 5455
-86 -6283 -7744 9033
-195 -5240 1973 -9576
-2436 -1806 -5365 4052
-6452 6360 -2459 -1626
-3306 116 -4894 3292
-1375 -2651 -3270 1139
-5507 4762 -1395 -3462
1498 -8375 -5773 6167
-1833 -3475 667 -8475
-22 -5987 968 -7967
-3703 776 -7569 8508
-4233 1304 -1568 -4026
-2879 -30 -5510 5232
-6894 7320 -4532 2596
-4695 3495 -147 -5601
-4397 2959 -5316 4797
-3579 1205 -4649 3345
-2913 -800 -4872 3118
-6857 7695 -1337 -3345
-6700 6861 -6485 6431
-8454 9884 978 -8980
-1901 -2389 -7266 8341
-3721 811 -8203 9775
-4568 2996 -53 -6034
-4908 3077 -3211 -317
-2005 -2306 -2487 -1342
-339 -6233 -4312 1713
971 -7912 -1103 -3764
1365 -9877 -286 -6575
-3421 287 201 -6957
-1964 -2446 -7357 8340
1164 -9163 -3612 389
-530 -4493 356 -6265
71 -6877 -6812 6889
159 -5953 -6144 6653
-5652 4926 -3110 -158
-6872 8451 -1897 -1499
1447 -9992 -837 -5424
-835 -4635 1017 -8339
279 -6859 -6978 7655
-1679 -3734 -4830 2568
20 -6357 -2047 -2223
-4220 1294 -4266 1386
-5416 3870 -4797 2632
1747 -9356 -2799 -264
-5309 3728 -2876 -1138
-1266 -3232 1548 -8860
1230 -9304 -5133 3422
1982 -9901 -5528 5119
-5089 3531 -5732 4817
-1438 -3300 -3727 1278
-6079 5770 -2048 -2292
-3822 1309 -452 -5431
-7951 9714 -6207 6226
-3283 627 -6890 7841
-4936 4282 244 -6078
-2755 -1161 -5769 4867
-3902 915 -2690 -1509
663 -6978 -10 -5632
-5367 4877 -2608 -641
132 -7061 -6866 6935
-1559 -3552 -4206 1742
912 -7507 -4482 3281
-889 -5185 -2752 -1459
-8262 9542 -718 -5546
-467 -4295 -5254 5279
1965 -9457 -3874 2221
-1075 -3934 -4409 2734
497 -7391 -1278 -3841
-5617 4596 -7086 7534
-5899 6486 -5806 6300
-2963 -1073 -6958 6917
-3127 286 -7411 8854
-4872 4079 -5145 4625
707 -8547 -1026 -5081
-2122 -1044 -2645 2
-3269 414 -2641 -842
-6175 6981 1339 -8047
-3072 -827 815 -8601
-1073 -4050 -7351 8506
1452 -8194 -2508 -274
-1026 -3908 -1757 -2446
-3799 714 -2855 -1174
-3641 332 -918 -5114
-3519 986 -2795 -462
-7325 8925 -983 -3759
-4568 2302 -6828 6822
-4840 4284 1145 -7686
-1909 -1521 -4255 3171
1058 -9145 -2638 -1753
-5956 5475 -237 -5963
-1858 -1787 -7145 8787
-5654 5505 -3048 293
-5482 5259 -2065 -1575
528 -6725 85 -5839
-3622 1702 1876 -9294
-2601 -1214 -2868 -680
-2935 504 1953 -9272
-4385 3551 -2845 471
1768 -9215 -4944 4209
-868 -4781 163 -6843
-3728 1742 -5422 5130
-8063 9871 -3018 -219
-4132 2029 -2071 -2093
-959 -4359 -2953 -371
-119 -5197 -2554 -327
-7044 8482 296 -6198
-2548 -502 -757 -4084
-3049 -1034 -6535 5938
426 -7920 -2037 -2994
-5076 4324 -2798 -232
-2235 -1403 -5764 5655
-659 -5482 504 -7808
-4076 1819 -3926 1519
-3418 257 -4428 2277
-1581 -2314 -2469 -538
1769 -9067 -1191 -3147
-151 -5527 -5717 5605
-1930 -1557 2042 -9501
-4583 2687 -747 -4985
-911 -4738 -5184 3808
-3826 495 -4142 1127
-4921 3380 -4982 3502
-3291 876 -3662 1618
702 -8118 -1654 -3406
-7558 9711 -3802 2199
-3482 979 -1076 -3833
355 -6053 1345 -8033
-5603 5070 -371 -5394
2001 -9704 -1629 -2444
-7724 9633 -6202 6589
-5943 5413 -7244 8015
-8142 9768 -3336 156
-8295 9536 -6991 6928
698 -7502 -1143 -3820
-3199 -603 -5778 4555
934 -7987 13 -6145
-5455 5712 -4019 2840
1237 -9596 -8085 9048
843 -7382 -7709 9722
-4930 2977 -8368 9853
-660 -5264 -5239 3894
-5153 4917 -2213 -963
-2130 -1284 -5927 6310
-5960 5176 -2569 -1606
-2560 -859 117 -6213
-8120 9848 -6534 6676
-3856 1076 -4045 1454
-1913 -2504 -7885 9440
-7794 9765 -2283 -1257
-4908 2966 11 -6872
-6298 5681 -11 -6893
-8105 9788 -6640 6858
-3899 708 955 -9000
-7610 8771 -720 -5009
-2651 -1838 -4748 2356
-6392 7220 2215 -9994
-4922 2709 939 -9013
-686 -4059 576 -6583
-5669 5968 1286 -7942
-3249 1249 396 -6041
-7771 8765 -5034 3291
-1521 -3705 -902 -4943
1017 -8363 -3113 -103
-1054 -4027 -4594 3053
-7050 8354 191 -6128
31 -6435 -6142 5911
-1009 -4423 -4832 3223
-7012 7432 -4864 3136
-578 -4683 -7319 8799
-201 -4841 -4656 4069
-1305 -3981 1701 -9993
-5636 4177 878 -8851
-4223 1558 -6601 6314
1317 -8475 -1145 -3551
-5596 5512 -3022 364
1715 -8736 -6236 7166
-6635 7180 -63 -5964
1514 -8382 -5195 5036
-5177 4225 -3626 1123
-880 -5167 -1650 -3627
-994 -3460 -3479 1510
-2984 -645 1196 -9005
-5710 5010 -4385 2360
-3779 1763 1448 -8691
-5822 5969 65 -5805
-6646 8083 1959 -9127
1985 -9185 -1053 -3109
-924 -5265 -6498 5883
-256 -5452 -5096 4228
86 -6104 1102 -8136
858 -8809 -7810 8527
-2221 -2291 -160 -6413
-7113 7740 -1986 -2514
-8022 9735 -5439 4569
69 -6265 -1749 -2629
-1515 -2227 -749 -3759
-2612 -1343 -4490 2413
428 -7401 -6215 5885
-2215 -2332 -3993 1224
-2750 -414 -6659 7404
-4371 2812 -7670 9410
-1579 -2804 -3368 774
-6400 5806 -7287 7580
-2125 -1362 1144 -7900
633 -7822 -5565 4574
-4658 2591 -4919 3113
894 -7961 -6635 7097
716 -7888 -4623 2790
-2735 191 -2045 -1189
-2940 -384 -1730 -2804
189 -6690 -7715 9118
-5228 3362 733 -8560
-2838 -463 -361 -5417
-3911 1215 -3214 -179
-4003 2390 -4496 3376
1232 -7801 -2425 -487
1112 -9240 -6643 6270
-6855 7807 -193 -5517
-858 -5115 -7742 8653
-3670 835 -1360 -3785
-4986 4667 787 -6879
-3860 1259 -7693 8925
-5295 3748 -2112 -2618
-3079 688 -5551 5632
-867 -4998 -7705 8678
-5626 4799 -8055 9657
-1436 -4208 -7357 7634
-5026 3311 -6602 6463
-4175 2242 927 -7962
-3687 188 -6785 6384
-6259 6559 -7460 8961
-7238 8728 -4308 2868
206 -6657 -6771 7297
1624 -8842 -3406 1218
812 -7635 -6100 6189
-2073 -1679 -5317 4809
182 -6404 854 -7748
-5412 4254 -613 -5344
-4329 2629 -6263 6497
-5222 4736 -6531 7354
1920 -9708 599 -7066
-7659 9659 -2990 321
-7180 8810 2062 -9674
-2389 -1228 -2625 -756
859 -7620 -4783 3664
-8308 9791 -903 -5019
-5774 4989 -2117 -2325
-2381 -2282 429 -7902
-224 -6691 -7981 8823
1550 -8739 -1423 -2793
198 -6285 1458 -8805
264 -6569 -7590 9139
-982 -3806 -1128 -3514
362 -7522 -3604 410
-3742 656 -1309 -4210
-7028 7665 -4040 1689
-2786 -25 -625 -4347
-5477 4127 -4396 1965
1737 -9020 -1508 -2530
-269 -5920 -6430 6402
984 -7591 1726 -9075
1455 -8628 -7555 9392
-824 -4388 -1966 -2104
-6920 7733 1779 -9665
-3859 1508 1884 -9978
-3390 -208 -7473 7958
-4261 1835 -7540 8393
-5637 4672 418 -7438
-6675 7785 -3632 1699
1635 -8638 -1834 -1700
-7537 8567 -7768 9029
-5434 5287 -608 -4365
-1911 -3294 969 -9054
-2578 -1004 -6585 7010
-4084 2743 1533 -8491
-7178 8532 -3091 358
-286 -4884 -5091 4726
-6159 5755 -1887 -2789
-3997 845 -4244 1339
409 -7186 -4382 2396
-276 -6480 -3523 14
-2165 -2069 1697 -9793
182 -7180 -3529 242
-1857 -2414 -1441 -3246
-451 -4835 -992 -3753
-2077 -2659 1395 -9603
-7355 9378 -7404 9476
-4792 3646 -6265 6592
1469 -8357 -4817 4215
163 -7021 -6823 6951
-7816 8785 1317 -9481
-8008 9808 -2626 -956
-4511 2301 -823 -5075
-1023 -3515 -2672 -217
-7437 8018 -6357 5858
-6907 8207 -4154 2701
-1820 -2168 -2565 -678
-7099 8777 878 -7177
-6085 6818 -6032 6712
-6442 6894 -3850 1710
-4658 2335 -6398 5815
-3372 1174 1413 -8396
1859 -9415 -1617 -2463
-1556 -2418 383 -6296
722 -7370 -3624 1322
167 -7374 -3066 -908
-3102 801 335 -6073
-5099 4144 -7249 8444
-6657 6612 -433 -5836
-5763 4338 -2013 -3162
1373 -8384 905 -7448
-4796 3352 -4127 2014
-7710 8321 1111 -9321
-1659 -3301 -5438 4257
-2614 -1208 -5842 5248
-6901 8404 -5872 6346
-1106 -4584 -7713 8630
-6116 5508 -966 -4792
-4328 3079 -1991 -1595
-1832 -2845 -4123 1737
-4962 3851 558 -7189
-5594 4536 -2041 -2570
-4186 1594 958 -8694
-22 -6615 -4892 3125
-2054 -1623 -620 -4491
-2577 -821 1120 -8215
-2986 713 -5328 5397
-3564 1636 -27 -5438
1199 -8711 -170 -5973
-158 -6413 -5591 4453
-1273 -3773 -4435 2551
-765 -4797 -337 -5653
-7307 7743 -5989 5107
604 -7796 1629 -9846
-6758 7471 -254 -5537
-373 -4653 1456 -8311
1618 -9647 -5348 4285
-5145 4193 -3693 1289
-6254 5539 -2820 -1329
-2190 -1549 -293 -5343
-5841 6178 -341 -4822
-6199 6605 -5673 5553
-1628 -3218 -239 -5996
937 -8846 -7089 7206
-7742 9389 -6018 5941
-5144 3229 -8386 9713
1345 -8032 -3646 1950
1362 -8188 2035 -9534
-4176 1855 -7694 8891
-1841 -2911 -5259 3925
-2797 46 -1381 -2786
-1895 -2887 -3230 -217
260 -5747 -5464 5701
1009 -7408 287 -5964
-6716 6468 -6349 5734
817 -8162 1358 -9244
-403 -5762 -2689 -1190
23 -6753 1202 -9111
2189 -9999 -3899 2177
-5637 4931 -7305 8267
1697 -9977 -4412 2241
-4842 2896 -2121 -2546
-5298 4485 -149 -5813
-2093 -1441 -5915 6203
-5076 3667 -7333 8181
1495 -8547 -4741 3925
-7688 8226 -4734 2318
-4311 2653 -2706 -557
-6330 6797 -2220 -1423
-7105 7195 406 -7827
1807 -9863 -3625 1001
-3653 855 -555 -5341
-8477 9881 964 -9001
989 -8502 -4620 2716
-2712 -923 -4319 2291
-5872 5241 1032 -8567
-187 -5668 -2157 -1728
-7471 9694 -4963 4678
-5200 4867 1581 -8695
-6384 6938 -523 -4784
-2191 -2398 -5148 3516
-2818 311 -372 -4581
-6054 6033 -1253 -3569
373 -6319 -7131 8689
-933 -4120 -2720 -546
-5420 5571 -2552 -165
-1927 -2661 -1446 -3623
-6653 6339 -2181 -2605
-2163 -1704 569 -7168
-548 -5889 618 -8221
-6305 6484 -5171 4216
-3306 336 -7529 8782
-6166 5253 -7598 8117
-2008 -1888 -6632 7360
846 -8830 -633 -5872
-5457 5646 -2537 -194
-1270 -4267 46 -6899
-5305 3585 -1379 -4267
-5343 4191 -3567 639
-4872 4242 -2202 -1098
-341 -4616 689 -6676
-4895 2721 -1677 -3715
-4389 2412 -4512 2658
-6114 6597 -6511 7391
-7716 9371 -7995 9929
884 -8177 -5212 4015
-7161 7828 -5207 3920
-3193 968 -2664 -90
-4050 1573 -7916 9305
-7948 9271 -2146 -2333
-7651 8134 -3558 -52
-4841 4239 -7126 8809
-2011 -2015 -6313 6589
-87 -6144 -3879 1440
1677 -8842 -2963 438
-2078 -1162 -1811 -1696
-292 -4934 -2288 -942
124 -6736 -190 -6108
-323 -6482 276 -7680
-3333 115 -4657 2763
-8118 9831 -4451 2497
-5845 5520 754 -7678
-3789 1219 -6557 6755
-5418 5489 -2068 -1211
-1419 -3605 726 -7895
-8361 9689 -2147 -2739
-4502 2125 -3397 -85
-6715 7707 -3257 791
-7761 8513 -2569 -1871
-6250 6718 -402 -4978
-2377 -1170 -4074 2224
132 -7131 -279 -6309
-2299 -649 -6834 8421
-6697 7572 -6863 7904
-6707 6769 -7357 8069
-5823 6107 -6744 7949
55 -7180 920 -8910
-3075 -854 -5104 3204
-7842 9605 -1339 -3401
-2167 -2354 -5446 4204
-8080 9563 -8127 9657
-7296 9315 -6878 8479
-671 -4049 -2448 -495
-3843 1236 -5935 5420
-7888 8821 -8030 9105
-504 -6029 -8006 8975
-5414 4476 1124 -8600
1041 -8070 -853 -4282
1726 -9203 927 -7605
-7923 9939 -3634 1361
2237 -9725 -5176 5101
101 -6445 88 -6419
-4440 2131 -3682 615
430 -7868 -719 -5570
-3382 887 -4852 3827
-7467 8221 -578 -5557
-2785 -1564 -3234 -666
-6554 7296 -3609 1406
396 -6856 -3301 538
-7971 9950 -4248 2504
-2923 -326 -2749 -674
-510 -4546 -6610 7654
-3734 413 -7332 7609
-2581 -1711 -5852 4831
-3353 522 470 -7124
-694 -4773 -1407 -3347
-4415 3185 2084 -9813
-600 -4334 -2502 -530
-2848 -680 -6016 5656
-3821 924 -4160 1602
-4556 3368 -3170 596
-7364 8236 -362 -5768
-2657 -257 -635 -4301
-1605 -3304 -7144 7774
-1722 -2295 1415 -8569
-3190 354 1169 -8364
-4018 1395 -6454 6267
-7667 9443 -569 -4753
1299 -9110 -4875 3238
954 -8541 -2673 -1287
-1601 -2872 -4056 2038
-3818 1870 -4606 3446
-3534 684 -5460 4536
1264 -8941 1167 -8747
-5413 3672 -6738 6322
-3929 686 1256 -9684
-2252 -2359 -2879 -1105
-7552 8186 977 -8872
-3082 -552 -1570 -3576
-5542 4705 -7669 8959
-4293 2629 -5887 5817
670 -6552 -5510 5808
1406 -8908 1844 -9784
-1451 -3356 -4706 3154
-1277 -2709 -2732 201
-4300 2657 472 -6887
-3676 264 -7605 8122
-8460 9973 1329 -9605
-7231 9089 -1962 -1449
-3159 -758 124 -7324
-1849 -2959 -1654 -3349
-3503 214 -8240 9688
-1805 -2192 -1330 -3142
-1129 -3591 -5981 6113
-4644 2129 696 -8551
1723 -9501 -865 -4325
-3162 -373 -3574 451
-3365 237 807 -8107
-407 -4383 1908 -9013
-6233 7243 -2107 -1009
1671 -8827 -1008 -3469
-6747 7919 1736 -9047
1870 -9189 -4312 3175
-2845 254 -5455 5474
-5883 6372 1715 -8824
-7819 9888 -5828 5906
-1742 -3224 -905 -4898
-5132 4758 -278 -4950
-2394 -1683 1144 -8759
-2881 -277 -6884 7729
-2792 -377 -1120 -3721
-1688 -2920 -2285 -1726
1465 -9824 -2711 -1472
-115 -6708 -86 -6766
-5425 3873 -566 -5845
-5461 5718 -1268 -2668
1607 -9546 -780 -4772
-7029 7892 -4171 2176
-1546 -3398 -2951 -588
-7119 7296 -233 -6476
-7113 7840 -4921 3456
-5877 5049 -1192 -4321
-4170 2240 1597 -9294
-7577 9279 -7566 9257
-2098 -2843 -3663 287
-1985 -2012 658 -7298
1551 -8702 -4906 4212
-1162 -3156 -7165 8850
-4082 1492 -7456 8240
316 -7483 -2177 -2497
-221 -5471 -6147 6381
-1926 -2886 -1698 -3342
-5338 5430 -524 -4198
-7961 9724 -7701 9204
-7228 8048 -1822 -2764
-4550 2908 -571 -5050
-2947 452 219 -5880
-6192 6856 -3282 1036
254 -5825 -163 -4991
-5029 4277 -3467 1153
-1643 -3382 1064 -8796
-2301 -2010 -2808 -996
-8148 9431 -3354 -157
-4594 3282 -4799 3692
-5898 5092 -7934 9164
-6244 6511 -7436 8895
634 -8055 -5524 4261
-7709 8512 -2648 -1610
-1269 -3123 -354 -4953
-2775 -868 -3601 784
-855 -5152 -1937 -2988
-3442 739 -6175 6205
-6225 5306 -4153 1162
-1329 -2781 1275 -7989
-1252 -3427 1984 -9899
-1595 -3118 -2999 -310
-5914 5214 -3824 1034
-1695 -2036 -3037 648
-1742 -2381 -6406 6947
-2605 -1584 -1816 -3162
-6838 7246 -3815 1200
-4736 3618 -2261 -1332
-4793 4051 -6442 7349
-1036 -3711 -909 -3965
-1309 -3492 -1596 -2918
-2814 -53 -7298 8915
814 -8231 -8195 9787
-4897 4279 -4756 3997
-1673 -3179 -4946 3367
-3127 8 -7743 9240
-4148 2274 468 -6958
1219 -7890 -2283 -886
742 -6787 -4529 3755
-1149 -4541 -1576 -3687
-5790 4399 -4652 2123
1272 -8154 -4108 2606
-719 -4791 -6976 7723
1884 -8961 1169 -7531
-1511 -3909 -540 -5851
1620 -8670 -3132 834
-7248 8133 -6237 6111
-3821 1215 -1271 -3885
-3270 351 -7532 8875
-6716 7318 -6742 7370
-5940 5777 -6830 7557
-6226 5772 1401 -9482
-2859 370 -6257 7166
1152 -8149 -867 -4111
-8462 9809 -3060 -995
-5437 5427 -2618 -211
-3999 2050 -1418 -3112
-6292 7138 1247 -7940
-5470 4868 -2478 -1116
-1487 -3504 -8091 9704
-3215 206 -7489 8754
1927 -9150 -4736 4176
-7498 9318 -4068 2458
-5233 4470 -6599 7202
1417 -8560 1486 -8698
767 -7059 1547 -8619
-4317 1583 858 -8767
-7016 8173 -3396 933
-817 -4846 -2312 -1856
-2811 -1555 -2130 -2917
1526 -9497 -7256 8067
-214 -5893 -2743 -835
-5703 4471 -4881 2827
-7869 9392 801 -7948
-4789 3570 -4907 3806
-1297 -4425 -8093 9167
-7953 9296 -7780 8950
-2991 -1035 424 -7865
-6142 5444 -3079 -682
-7437 8823 -7869 9687
-5790 4796 -5258 3732
-5656 6017 -2709 123
-5934 6363 -4759 4013
67 -6449 -4702 3089
-7090 8548 -4728 3824
1939 -9734 -797 -4262
-7112 7695 1258 -9045
-3237 738 1444 -8624
-1685 -2111 2231 -9943
-4915 4638 -2208 -776
-2251 -1112 -3445 1276
521 -7544 -4276 2050
-4177 2175 -6017 5855
-2756 -262 -6185 6596
-2840 -914 -2432 -1730
-5756 5813 -6246 6793
-4056 2490 747 -7116
-3710 1422 -6712 7426
-5435 3953 -7443 7969
-1928 -2576 259 -6950
668 -7065 -4245 2761
-1788 -2447 -1863 -2297
1491 -9359 -1943 -2491
-6809 7371 -2880 -487
-2326 -1880 -1384 -3764
-6985 8754 -6466 7716
-1682 -3234 1315 -9228
-7470 8151 -7320 7851
-8218 9502 765 -8464
-1652 -2488 -7480 9168
265 -7619 -6308 5527
-3727 1841 2129 -9871
130 -6744 1723 -9930
-7140 7560 -7527 8334
-2723 -1677 644 -8411
-4655 4109 -4157 3113
-4311 2825 -3086 375
-5708 6162 -2585 -84
-1962 -1409 -546 -4241
-6522 7407 -2432 -773
514 -6620 -2262 -1068
381 -7490 -5119 3510
-1142 -3985 -8066 9863
-7486 8994 -7525 9072
-5981 6655 -7463 9619
-1542 -3769 -5744 4635
1661 -9389 -2458 -1151
-3348 -388 -8151 9218
-2850 -137 -4075 2313
-8207 9477 -2444 -2049
438 -8032 -5899 4642
-5941 5740 1561 -9264
-217 -6101 -6944 7353
-2363 -1552 -4319 2360
-2031 -1348 -2382 -646
-5773 5134 -7307 8202
-5476 5601 204 -5759
-92 -5760 -6887 7830
890 -8736 1477 -9910
-7342 9445 -1240 -2759
-2344 -584 -4725 4178
736 -8313 160 -7161
1316 -9121 68 -6625
-512 -4620 -5321 4998
-6360 6266 -4816 3178
-5890 5989 331 -6453
-2782 -1521 -3324 -437
-468 -5081 -4015 2013
-7341 9307 -485 -4405
-4223 2293 -2089 -1975
1375 -9254 -2028 -2448
113 -5534 -1665 -1978
-4989 3724 -7385 8516
-6575 6086 -7537 8010
8 -6234 -2822 -574
-5484 3977 -5364 3737
1444 -8653 963 -7691
1130 -8320 -373 -5314
1657 -9840 -1229 -4068
920 -7585 1836 -9417
-4901 3358 -5647 4850
-4986 3600 -1017 -4338
-4263 2296 -1432 -3366
355 -6444 761 -7256
-2414 -1745 -6005 5437
-165 -5389 -5783 5847
-6156 6331 1845 -9671
-2835 290 -4316 3252
-2192 -1233 1489 -8595
-7332 9287 -7057 8737
-4803 3020 1223 -9032
362 -7372 -2646 -1356
-4929 3487 -6164 5957
-7552 8888 -6010 5804
562 -6332 -2302 -604
-3008 -788 -1839 -3126
-3043 670 1136 -7688
511 -6862 -318 -5204
-1793 -2629 -4103 1991
-4286 2698 -2932 -10
-2043 -1336 876 -7174
-2466 -1927 949 -8757
1138 -8184 1201 -8310
-7623 9986 -7505 9750
-5597 5933 -4741 4221
-2477 -1583 -3063 -411
-123 -6612 -118 -6622
2308 -9866 -3989 2728
-1103 -3483 -3493 1297
1394 -8474 -363 -4960
1050 -8675 104 -6783
-16 -6626 -1437 -3784
-3807 1142 -6409 6346
-6088 5355 -616 -5589
-2300 -1133 -722 -4289
43 -5682 79 -5754
-83 -7016 -3004 -1174
-2230 -2106 -3813 1060
-5870 6380 -465 -4430
-4320 2808 -1627 -2578
-92 -5337 1169 -7859
-1450 -3084 -7617 9250
-7329 9121 1650 -8837
-5033 3980 -5139 4192
-6893 8546 -4507 3774
1381 -8199 -3844 2251
-466 -5035 -3499 1031
1189 -7615 -1406 -2425
-1652 -2384 -6740 7792
512 -7760 -3520 304
629 -6759 -4661 3821
388 -7172 -4994 3592
60 -6294 -5028 3882
257 -6291 -3074 371
-3163 -825 -944 -5263
-1870 -2549 -11 -6267
-5982 5281 -5447 4211
1681 -9831 1539 -9547
-6838 7070 -1500 -3606
-4314 2928 -5672 5644
-3006 0 -6818 7624
1403 -8819 -3479 945
-2208 -1242 1128 -7914
-1834 -3244 -2347 -2218
1852 -9796 -937 -4218
-4278 3024 1073 -7678
-5302 4436 -7156 8144
-2909 -891 -2271 -2167
-3701 1303 -7533 8967
1013 -8036 -961 -4088
-2494 -2060 -4309 1570
-2632 -1227 -4766 3041
-89 -6923 -6677 6253
-3199 799 -6542 7485
-1062 -4980 -3057 -990
1152 -7763 1581 -8621
-663 -5819 -4577 2009
1017 -8666 -3422 212
1412 -8700 -1022 -3832
-3687 565 -2392 -2025
-715 -3927 -1297 -2763
-7059 7218 -5336 3772
-3596 1846 -150 -5046
480 -7917 -1485 -3987
1220 -8795 -80 -6195
-2212 -1511 -3616 1297
-448 -5923 -4714 2609
1610 -9772 -6127 5702
-4825 2890 -6519 6278
-7549 8307 -5366 3941
-1971 -3183 -3122 -881
-6614 7380 -6499 7150
-6199 5364 163 -7360
-2808 -1266 -2885 -1112
-7164 7452 -4228 1580
-5563 4573 -4913 3273
-300 -6269 -6949 7029
-1733 -2965 -848 -4735
-1151 -4450 -4423 2094
-8092 9231 -5084 3215
-3229 365 -7868 9643
-5860 6446 -7010 8746
-4993 4315 -6696 7721
-5528 5313 -2436 -871
-779 -4742 447 -7194
-5241 3514 -4274 1580
-6076 6922 -5731 6232
-2169 -2470 -4780 2752
-6235 5850 -6050 5480
-2305 -2521 -2197 -2737
-1736 -3398 -644 -5582
-3496 1202 915 -7620
123 -5674 -7477 9526
-7652 8309 -5033 3071
-2055 -2027 -2853 -431
-6732 7407 -1664 -2729
576 -7384 -1267 -3698
-1084 -3194 759 -6880
-2370 -1747 -3143 -201
-4478 1836 -6926 6732
-6546 7105 -4689 3391
-4250 2818 -2761 -160
-5886 5046 -8266 9806
718 -8317 -7566 8251
-2452 -2249 -5524 3895
1709 -8644 -6150 7074
-8053 9343 -7949 9135
-8343 9557 -3048 -1033
-2219 -1991 -3761 1093
-5233 5266 1486 -8172
-6788 6731 -7229 7613
-3117 564 -1024 -3622
-4380 2910 138 -6126
-759 -3700 -3236 1254
-5891 5883 -7547 9195
-5933 5618 372 -6992
-5205 3593 -662 -5493
-5987 6074 -5520 5140
-5550 5818 -3368 1454
1250 -8321 1616 -9053
-6091 6241 -4106 2271
-403 -6092 -355 -6188
-3277 1321 -7208 9183
-4058 1535 -2175 -2231
818 -7754 -7363 8608
-2147 -1629 -5313 4703
-161 -5798 -2519 -1082
-6390 6815 -5822 5679
-2474 -2098 -337 -6372
1335 -8636 -7257 8548
571 -8131 -2126 -2737
349 -6881 851 -7885
1840 -9681 -716 -4569
310 -6464 -2475 -894
-3197 -306 -4236 1772
2176 -9835 -7304 9125
-5311 4517 -1903 -2299
-1573 -2176 -7504 9686
-4805 3955 -2203 -1249
-4054 1867 1243 -8727
-230 -6120 -5060 3540
-2518 -2134 1095 -9360
186 -7477 -7311 7517
1505 -8425 -7516 9617
-7464 9095 59 -5951
-4291 3004 1317 -8212
403 -6516 -7217 8724
-5891 5375 -1594 -3219
2290 -9821 -3998 2755
-4071 1042 -6502 5904
-3534 376 53 -6798
-5393 4524 951 -8164
-4224 1783 -4004 1343
-6562 7207 -6207 6497
1866 -9704 -7087 8202
-5162 4067 -7848 9439
428 -6750 -5880 5866
-1669 -2479 -3767 1717
-2178 -2325 -5329 3977
-4224 2990 -306 -4846
-3233 -677 -5110 3077
884 -8220 -358 -5736
-7632 8444 -7513 8206
1193 -8121 2030 -9795
-5931 5911 -3116 281
