100
3 2 8 6
1 1 3 2
9999999999990 9999999999990 9999999999999 9999999999999
0 0 9 9
0 0 9 9
0 0 9 9
0 0 9 9
0 0 9 9
0 0 9 9
0 0 9 9
0 0 9 9
0 0 9 9
0 0 9 9
0 0 9 9
0 0 9 9
0 0 9 9
0 0 9 9
0 0 9 9
0 0 9 9
0 0 9 9
0 0 9 9
0 0 9 9
0 0 9 9
0 0 9 9
0 0 9 9
0 0 9 9
0 0 9 9
0 0 9 9
0 0 9 9
0 0 9 9
0 0 9 9
0 0 9 9
0 0 9 9
0 0 9 9
0 0 9 9
0 0 9 9
0 0 9 9
0 0 9 9
0 0 9 9
0 0 9 9
0 0 9 9
0 0 9 9
0 0 9 9
0 0 9 9
0 0 9 9
0 0 9 9
0 0 9 9
0 0 9 9
0 0 9 9
0 0 9 9
0 0 9 9
0 0 9 9
0 0 9 9
0 0 9 9
0 0 9 9
0 0 9 9
0 0 9 9
0 0 9 9
0 0 9 9
0 0 9 9
0 0 9 9
0 0 9 9
0 0 9 9
0 0 9 9
0 0 9 9
0 0 9 9
0 0 9 9
0 0 9 9
0 0 9 9
0 0 9 9
0 0 9 9
0 0 9 9
0 0 9 9
0 0 9 9
0 0 9 9
0 0 9 9
0 0 9 9
0 0 9 9
0 0 9 9
0 0 9 9
0 0 9 9
0 0 9 9
0 0 9 9
0 0 9 9
0 0 9 9
0 0 9 9
0 0 9 9
0 0 9 9
0 0 9 9
0 0 9 9
0 0 9 9
0 0 9 9
0 0 9 9
0 0 9 9
0 0 9 9
0 0 9 9
0 0 9 9
0 0 9 9
0 0 9 9
0 0 9 9
0 0 9 9
0 0 9 9
0 0 9 9
0 0 9 9
0 0 9 9
0 0 9 9
0 0 9 9
0 0 9 9
0 0 9 9
0 0 9 9
0 0 9 9
0 0 9 9
0 0 9 9
0 0 9 9
0 0 9 9
0 0 9 9
0 0 9 9
0 0 9 9
0 0 9 9
0 0 9 9
0 0 9 9
0 0 9 9
0 0 9 9
0 0 9 9
0 0 9 9
0 0 9 9
0 0 9 9
0 0 9 9
0 0 9 9
0 0 9 9
0 0 9 9
0 0 9 9
0 0 9 9
0 0 9 9
0 0 9 9
0 0 9 9
0 0 9 9
0 0 9 9
0 0 9 9
0 0 9 9
0 0 9 9
0 0 9 9
0 0 9 9
0 0 9 9
0 0 9 9
0 0 9 9
0 0 9 9
0 0 9 9
0 0 9 9
0 0 9 9
0 0 9 9
0 0 9 9
0 0 9 9
0 0 9 9
0 0 9 9
0 0 9 9
0 0 9 9
0 0 9 9
0 0 9 9
0 0 9 9
0 0 9 9
0 0 9 9
0 0 9 9
