25


9 15
1 8
5 4
8 2
0 1
0 6
8 1
2 1
6 2
5 6
7 0
7 4
0 2
7 3
7 6
5 5


7 11
3 1
0 1
3 6
5 5
2 5
1 4
5 1
3 5
1 6
4 0
3 3


3 3
2 1
1 1
1 0


24 73
2 19
15 7
17 2
4 11
12 10
4 22
12 6
10 18
10 6
4 9
8 19
2 8
22 3
22 4
9 6
20 11
23 7
4 23
6 23
21 22
13 23
12 13
3 21
5 15
15 18
10 8
15 17
2 23
5 17
19 11
7 6
3 5
6 5
11 23
1 23
13 11
19 1
0 15
18 17
10 11
21 4
1 21
21 12
20 7
1 1
23 22
23 21
13 0
20 10
6 9
5 6
9 19
11 2
8 11
11 11
7 20
22 16
20 14
11 13
7 5
2 18
17 15
2 14
10 1
22 0
5 1
19 23
23 17
5 0
16 10
16 0
15 2
14 5


49 308
16 19
27 2
24 28
26 41
15 30
17 9
3 2
17 48
8 16
47 32
39 1
5 19
17 20
6 47
48 4
0 34
30 10
29 1
8 38
34 38
14 5
22 13
42 18
31 3
7 24
25 20
4 4
17 39
27 13
1 40
5 16
32 41
32 36
47 11
35 34
39 43
44 4
3 20
43 36
5 24
15 27
9 44
31 36
40 20
15 40
2 32
13 13
20 18
22 17
29 43
4 14
2 22
21 40
41 48
33 10
11 41
30 1
44 30
35 5
26 12
48 41
12 21
37 9
41 29
18 39
39 8
8 20
20 46
16 43
6 38
17 17
37 42
12 18
14 32
23 24
43 41
7 41
41 44
2 35
47 6
35 12
32 42
7 0
33 22
31 30
2 38
10 48
45 2
3 21
40 4
13 40
8 36
46 18
35 9
39 34
23 4
36 7
9 4
20 40
40 14
8 39
34 13
25 7
42 5
17 1
16 38
4 28
12 4
30 11
25 18
13 14
18 26
17 26
42 29
40 31
18 25
1 36
9 5
34 39
28 15
44 27
17 0
13 29
38 14
18 23
21 3
39 9
8 47
6 19
42 21
4 23
24 23
45 40
4 5
23 6
6 7
48 16
14 1
11 9
9 30
30 20
4 6
3 34
43 23
16 47
9 0
22 23
15 46
7 45
22 37
5 29
44 32
11 43
27 25
43 8
15 24
37 32
21 17
6 33
44 35
10 5
38 34
23 27
34 19
17 46
33 41
9 31
22 7
18 33
40 22
22 42
18 47
33 45
24 11
18 15
13 35
43 14
44 44
20 22
11 37
11 33
18 13
9 13
40 36
36 42
40 25
43 20
31 22
46 40
37 37
14 46
26 28
27 3
5 10
24 6
11 21
29 30
21 32
47 13
33 24
35 41
5 7
34 5
48 14
12 14
46 44
22 30
6 1
16 36
34 11
18 8
40 6
46 15
41 27
39 11
15 6
38 43
48 9
46 31
15 45
10 23
31 46
8 46
3 3
5 15
22 26
22 18
6 44
3 41
4 7
17 6
3 44
18 5
48 27
46 4
39 25
17 36
15 44
17 24
14 7
44 16
43 16
16 11
31 10
38 27
48 43
6 11
23 33
2 23
45 32
7 20
2 19
1 19
40 41
33 31
17 18
45 24
6 3
10 31
10 8
5 27
5 42
30 30
41 45
3 22
45 8
38 0
1 24
13 45
23 44
26 8
31 2
24 9
6 24
29 6
9 24
4 30
44 3
37 45
16 10
40 23
29 39
6 12
44 28
5 40
43 19
48 12
6 4
24 46
48 30
25 1
15 18
0 40
28 24
41 14
11 0
38 10
37 30
12 48
27 24
9 34
10 28
30 2
12 37
6 21
19 3
16 4
26 20


49 341
3 38
9 29
27 37
31 1
19 43
0 1
2 12
19 1
4 17
14 48
27 32
20 22
48 15
22 11
9 15
31 45
36 15
43 38
20 29
30 39
43 46
35 36
10 29
25 44
33 14
48 0
9 39
26 24
12 36
36 35
5 22
0 5
1 47
12 24
18 35
12 30
28 4
28 14
31 9
38 19
4 42
4 33
4 38
7 36
39 28
4 43
16 5
45 10
7 32
11 43
8 30
27 18
8 44
27 15
0 20
25 6
6 46
31 33
19 37
48 38
39 14
35 13
33 33
45 24
14 38
33 17
9 6
44 42
3 44
28 46
6 11
28 6
34 3
41 12
9 47
18 36
31 20
14 46
20 36
42 31
24 6
11 21
13 35
3 13
17 37
6 39
44 6
44 12
41 41
23 15
35 46
25 12
40 38
44 8
43 11
18 39
11 33
16 0
41 42
22 23
25 48
27 7
46 36
48 16
17 17
12 42
0 42
1 41
25 15
14 14
40 36
38 1
29 35
13 22
5 35
38 30
24 44
4 14
20 5
24 17
11 36
10 8
9 43
32 16
40 0
41 35
24 9
12 11
24 21
21 2
23 38
44 30
31 12
5 13
33 20
11 39
4 23
40 34
12 4
45 37
14 32
34 9
22 26
6 25
9 4
5 38
16 32
45 29
30 12
7 19
24 31
11 13
3 41
4 5
46 48
39 21
45 33
34 31
1 13
6 8
18 42
34 42
28 23
36 20
23 20
20 10
24 8
36 43
22 22
45 39
16 46
22 42
18 30
15 3
29 34
4 29
35 16
15 32
18 46
23 3
43 3
1 28
26 32
11 47
5 27
14 15
23 48
10 16
48 37
45 35
44 5
9 37
19 27
18 26
27 13
1 16
17 20
29 1
42 37
27 39
19 8
39 40
11 11
8 26
8 20
7 7
38 14
19 39
24 16
7 6
24 25
36 7
19 12
33 2
23 29
44 7
35 14
15 46
27 24
27 40
30 46
15 0
17 44
8 10
16 10
33 15
12 22
13 24
42 40
23 14
26 22
35 18
42 1
13 10
40 15
14 27
30 13
48 47
26 29
31 42
6 42
18 8
1 33
8 15
13 48
32 25
36 2
45 28
2 38
7 15
12 6
27 30
14 7
9 35
16 37
20 26
42 22
18 41
6 35
10 47
30 15
42 20
38 7
44 28
17 35
45 17
13 4
13 41
23 42
18 43
27 33
24 33
30 38
40 33
6 28
23 26
28 48
27 27
34 15
45 46
8 23
1 8
22 2
27 28
26 2
21 29
30 7
7 13
22 41
16 7
8 25
16 30
38 39
25 46
14 5
11 9
7 16
47 30
11 41
44 36
1 40
3 4
44 37
33 18
19 0
20 47
2 10
37 35
45 3
26 31
6 20
2 6
15 20
3 28
17 15
16 40
32 29
22 3
8 35
41 29
38 4
3 16
32 1
28 7
30 48
33 44
2 33
18 16
16 47
1 19
44 18
25 35
3 48
32 40
40 40
26 13
19 24
33 48
10 31
18 32
20 0


82 422
16 62
0 8
3 37
68 65
26 48
32 47
64 32
49 27
35 63
10 21
41 3
80 6
6 65
50 81
2 70
45 19
76 66
24 9
79 29
27 47
25 28
34 45
65 79
43 57
50 7
72 67
56 18
47 1
57 77
54 67
20 80
66 77
76 75
24 62
62 16
26 23
13 34
24 81
26 80
35 36
56 73
62 7
32 19
81 6
64 34
43 15
73 43
46 30
26 66
4 42
15 76
2 81
0 79
3 22
7 28
36 6
39 36
21 51
19 36
15 42
76 55
71 12
23 23
58 18
17 39
75 69
65 15
29 74
26 81
32 26
33 69
48 34
65 54
14 79
28 71
0 38
76 4
20 8
10 48
33 6
38 28
43 76
46 64
22 45
51 10
28 18
62 21
14 52
67 55
48 44
38 29
14 70
80 71
59 47
74 7
33 54
2 6
67 80
53 66
50 47
38 1
48 71
9 36
72 45
13 67
58 43
3 59
4 4
59 34
78 10
55 43
49 29
23 58
24 24
21 30
13 25
47 33
12 60
20 16
74 59
60 31
26 20
55 4
52 28
51 70
46 65
28 55
31 78
58 42
17 78
25 61
47 26
47 35
31 66
49 58
73 17
65 11
2 7
18 31
40 63
20 5
44 49
63 15
62 39
63 9
29 16
25 60
64 55
68 9
34 59
78 75
3 4
68 46
65 5
13 7
55 66
33 59
44 15
62 45
78 39
55 40
64 65
6 9
77 40
4 6
47 76
65 16
33 15
53 67
37 38
53 39
64 23
79 54
74 42
19 76
28 46
22 28
10 29
17 56
76 24
70 11
60 40
71 77
48 49
0 51
50 33
32 18
8 5
70 35
35 41
4 76
19 79
46 53
18 44
27 56
27 44
69 38
15 67
8 36
20 7
1 63
66 6
51 48
56 48
33 23
26 17
64 73
38 15
80 59
1 11
54 64
80 55
33 45
1 75
0 45
72 47
11 53
8 64
31 24
23 25
17 33
16 77
81 20
46 74
25 58
10 43
46 59
76 28
8 54
70 40
23 60
47 14
25 14
34 62
42 28
6 34
58 81
6 44
58 71
68 30
65 22
10 30
2 13
55 58
21 18
72 3
52 63
56 31
20 66
76 18
81 33
57 60
3 74
41 68
78 27
20 32
57 71
37 66
36 53
30 13
70 6
29 50
28 0
78 37
59 12
29 30
53 8
1 8
13 63
60 18
61 18
21 64
20 53
73 7
58 20
38 21
61 27
58 28
54 61
72 7
18 70
22 12
60 6
24 67
5 44
25 34
4 22
80 24
37 55
49 54
62 26
69 4
62 4
76 63
76 38
58 80
24 60
25 5
14 71
11 5
78 80
12 0
53 72
9 62
25 70
72 40
77 8
73 44
8 63
32 20
76 34
20 39
54 79
27 39
55 63
54 80
55 71
30 17
81 42
35 15
28 64
45 81
63 53
69 57
62 72
71 11
8 9
20 24
32 2
51 53
15 38
75 63
16 67
25 51
7 68
57 5
0 46
66 36
52 24
59 49
23 31
27 35
3 63
52 56
12 73
72 13
55 47
80 39
70 56
62 10
39 15
4 17
38 52
60 0
47 6
58 69
39 20
74 6
7 56
36 35
69 52
59 45
7 80
49 20
70 53
24 38
5 18
35 16
16 61
7 29
50 35
81 39
21 33
42 33
28 28
41 0
65 28
75 12
58 56
58 46
20 79
36 36
15 77
74 33
2 75
68 6
57 55
31 34
47 72
31 35
38 33
9 18
25 79
15 47
76 81
22 7
41 29
16 47
45 21
4 40
68 45
20 54
75 38
52 68
7 27
42 5
73 13
4 57
63 45
74 56
48 33
14 65
31 63
2 68
78 12
12 67
17 63
25 8
53 63
68 21
33 0
39 39


9 16
7 2
7 6
2 8
7 8
1 6
6 0
3 8
7 3
6 2
7 1
5 6
4 2
2 7
5 0
2 6
8 0


20 49
15 5
7 5
11 6
17 10
17 3
15 1
13 5
8 6
3 12
4 14
2 6
8 15
1 12
5 7
16 15
17 12
8 3
11 11
14 10
2 14
15 12
16 16
18 6
15 6
6 8
13 7
11 0
16 13
2 7
8 9
11 2
12 9
18 15
17 19
3 17
17 11
18 19
0 13
0 1
2 0
7 14
11 17
8 7
11 8
1 3
5 6
0 6
12 16
16 1


94 107
74 30
9 32
14 60
44 17
31 35
59 7
41 36
17 73
32 70
6 71
57 43
60 23
70 29
64 48
19 59
45 43
32 59
13 17
78 36
22 44
51 59
59 84
73 76
21 46
29 74
26 61
87 24
82 60
58 26
4 78
13 5
15 62
32 34
81 12
30 81
11 62
84 24
86 26
68 34
0 88
5 28
65 60
72 75
47 24
12 87
39 28
53 30
89 27
34 21
10 63
72 15
22 18
43 80
81 81
85 48
49 19
45 48
36 83
59 58
76 56
17 82
86 53
87 42
31 71
43 71
69 59
14 84
3 18
55 3
31 82
54 59
56 83
20 27
45 51
71 59
7 39
58 91
11 60
27 37
55 19
2 54
33 27
63 4
90 7
72 46
56 70
57 22
35 39
18 15
36 16
64 43
28 0
54 69
24 34
32 5
35 79
52 29
35 44
88 30
23 33
58 51
4 8
85 59
17 74
83 83
14 65
30 66


37 347
27 11
0 36
2 1
2 23
30 27
17 28
21 18
7 36
13 17
19 21
6 15
16 12
14 11
30 22
28 32
24 7
2 34
28 3
0 27
32 5
10 6
34 10
28 10
28 30
16 4
4 20
21 9
2 20
12 3
0 31
0 22
26 7
32 35
9 1
12 20
36 14
29 18
23 35
27 1
11 34
8 23
22 32
30 3
7 12
1 15
8 8
0 29
31 24
29 32
36 0
30 19
27 25
28 21
14 3
33 13
21 31
1 6
0 25
11 32
21 16
13 30
1 27
7 22
33 23
18 31
23 1
11 5
30 30
5 2
0 2
26 2
33 34
23 30
7 29
26 13
26 4
36 33
25 7
23 20
36 1
33 24
9 11
17 24
5 4
2 21
10 30
21 13
31 14
35 7
36 7
29 9
7 19
20 22
23 14
29 14
4 2
18 2
5 8
7 1
30 33
9 5
11 7
33 3
16 7
9 13
32 28
11 15
2 30
17 12
34 4
26 9
0 24
22 2
15 33
13 16
14 24
4 0
23 4
34 20
11 0
33 9
3 16
17 15
33 16
12 35
15 6
7 13
5 33
20 13
8 16
21 5
0 16
14 25
2 26
32 1
33 27
23 33
3 29
18 19
10 9
21 29
19 4
27 36
31 22
14 33
28 14
7 5
32 15
27 27
22 13
20 17
15 32
12 19
18 8
15 3
8 28
30 2
11 25
35 13
15 1
8 1
36 17
11 31
4 27
6 26
35 14
4 13
25 27
25 0
1 13
17 29
11 3
6 6
8 10
17 11
3 27
36 4
11 24
12 11
9 34
6 28
3 5
28 28
35 36
31 11
22 11
30 18
34 9
28 2
30 7
15 9
4 29
4 6
25 2
34 6
29 27
2 33
12 24
3 0
15 7
32 14
19 5
14 26
16 21
14 23
33 36
3 36
9 17
36 5
22 3
16 6
9 29
20 31
10 29
21 26
28 25
30 34
21 23
13 21
11 6
28 7
33 18
22 12
16 32
8 9
13 11
16 5
0 10
35 1
18 26
28 15
19 20
35 2
20 0
7 20
34 22
20 33
6 32
29 11
24 12
14 17
20 3
27 34
6 24
6 13
4 12
3 22
4 9
12 8
21 8
17 20
36 8
34 24
32 21
5 36
32 27
26 23
2 0
10 23
33 29
18 13
19 13
13 0
31 33
26 32
28 0
1 11
19 7
14 20
17 5
26 12
29 33
35 15
33 11
10 24
36 22
17 21
2 24
27 7
14 13
12 26
25 13
13 7
19 9
24 8
20 4
35 27
10 3
35 6
9 35
29 19
7 8
16 10
23 5
9 30
21 25
35 11
3 31
6 35
14 30
10 20
13 9
13 22
17 26
34 14
1 34
18 7
20 29
5 0
21 22
15 30
36 19
30 35
6 20
23 29
12 25
12 36
36 25
23 8
6 23
16 24
3 3
6 9
29 29
15 10
25 22
15 35
18 22
27 32
11 21
18 35
25 28
29 21
23 22
5 14
4 17
31 12
35 5
6 30
30 4
24 23
33 26
14 18
22 19
9 21
6 19
23 18


94 719
49 65
49 75
23 43
74 51
77 46
8 14
18 76
67 14
23 30
70 72
37 55
27 43
15 1
82 7
51 86
22 75
7 81
85 50
71 17
3 60
23 0
85 33
91 24
59 66
73 74
79 66
46 51
1 80
25 34
12 60
28 14
6 2
92 32
85 40
91 38
5 74
23 69
45 77
48 63
79 86
62 4
50 70
23 1
47 41
69 24
70 32
93 65
51 13
43 51
57 0
67 19
79 43
75 54
27 44
59 35
18 2
48 16
22 33
20 27
40 53
38 35
24 34
62 74
46 20
50 82
72 81
24 48
31 67
56 36
66 12
36 48
85 84
27 5
8 30
92 13
59 42
60 71
25 35
93 89
32 68
10 45
7 15
50 86
25 26
82 38
75 34
45 33
57 77
28 12
28 32
19 75
53 83
71 20
28 0
48 52
24 47
63 34
46 29
20 43
38 76
49 77
62 17
35 59
35 41
90 34
81 48
58 49
52 34
16 78
39 20
20 78
3 5
50 57
28 39
32 72
52 66
12 76
2 3
85 86
29 33
54 1
72 36
57 41
88 9
37 49
24 22
31 88
47 87
11 59
4 27
51 78
57 9
65 62
90 93
23 52
40 71
57 36
10 72
46 26
79 73
23 55
4 35
67 42
86 39
49 23
17 43
59 65
70 4
5 6
10 67
26 37
8 32
31 12
34 27
0 27
90 36
76 59
27 19
2 87
52 20
29 27
86 38
81 35
51 49
37 3
79 58
12 21
92 5
82 78
40 51
19 44
38 66
40 5
93 10
46 48
3 42
29 44
24 32
0 36
28 37
86 20
39 84
23 88
93 24
25 68
65 32
71 57
46 43
44 24
83 23
84 37
83 37
63 17
48 13
57 66
68 67
86 70
23 39
48 15
46 19
79 14
17 24
58 22
57 49
72 17
84 55
88 78
61 52
3 51
34 64
32 43
18 92
89 90
86 41
36 28
77 4
89 45
87 23
66 45
1 48
39 36
9 49
66 33
77 6
49 6
64 38
92 91
33 18
22 90
21 58
20 67
11 88
71 37
52 58
17 5
51 69
90 52
6 90
17 27
33 52
73 63
59 74
37 90
76 1
35 38
30 0
86 55
77 22
37 92
31 27
54 75
72 19
41 22
20 16
9 76
75 60
47 36
18 5
92 23
0 93
50 52
8 59
90 90
37 61
68 29
14 15
51 70
70 41
0 1
34 2
93 8
58 2
8 55
76 44
28 31
54 70
88 82
90 21
8 80
4 15
49 91
31 53
67 80
31 40
61 47
55 73
13 45
13 23
66 32
86 85
32 30
67 49
53 17
5 71
56 89
28 65
70 26
24 27
42 46
58 88
80 28
82 61
5 91
29 60
81 41
3 11
72 59
91 39
51 5
75 25
3 35
64 19
25 67
56 7
9 84
79 31
0 89
64 16
47 79
61 92
21 4
18 19
6 48
83 8
70 60
87 36
71 51
86 81
50 33
30 90
8 89
80 3
58 93
18 75
63 79
8 3
75 69
29 52
16 66
58 26
93 4
23 73
19 30
13 26
66 2
83 67
7 23
28 5
58 68
6 65
77 35
32 39
29 57
55 46
82 21
76 88
62 66
41 64
43 24
85 30
24 38
34 38
39 42
1 20
79 50
4 48
48 14
6 69
87 5
56 49
26 87
30 73
73 46
36 1
92 57
93 39
82 62
9 51
78 43
35 65
35 51
24 39
66 24
9 36
12 58
38 33
24 66
54 93
84 57
92 39
36 19
72 78
47 72
82 22
54 34
2 14
1 41
5 66
39 57
72 72
83 80
91 22
32 90
74 4
79 40
56 9
36 65
70 36
88 49
80 25
76 72
37 80
33 27
39 6
35 34
56 10
13 29
16 60
13 28
93 6
8 74
69 42
71 81
89 85
27 27
89 66
60 15
66 22
73 72
47 24
7 60
13 6
5 53
87 70
32 93
88 79
5 90
34 7
78 18
83 33
73 59
73 41
30 81
74 92
1 4
35 14
45 37
22 42
58 18
43 6
18 66
22 89
30 59
44 59
16 20
3 2
19 80
68 64
45 39
80 43
87 13
86 22
12 56
53 0
59 58
23 54
33 6
59 85
63 40
28 40
71 46
87 80
41 20
8 39
52 63
40 69
50 75
62 90
74 39
13 31
5 25
91 9
38 72
14 48
89 84
81 58
35 5
44 48
53 63
93 81
72 0
62 62
82 68
81 25
70 12
54 49
43 92
0 88
93 76
40 56
35 79
86 3
3 89
16 56
44 45
51 41
47 68
66 42
51 6
70 84
84 93
67 83
16 68
8 1
68 18
21 75
58 85
91 56
72 63
93 26
19 43
73 14
74 50
68 70
50 18
79 16
67 66
67 91
46 55
63 10
87 45
76 36
43 20
29 38
19 10
86 50
35 44
34 83
60 14
9 14
25 36
77 41
26 84
42 30
24 56
77 15
72 89
55 33
75 59
47 93
25 29
66 89
6 3
11 33
17 92
56 47
15 61
9 31
19 6
83 61
6 23
52 50
83 7
49 58
60 16
22 0
19 87
61 26
49 32
25 92
14 5
1 35
32 22
80 56
17 7
63 76
89 86
84 12
9 66
51 55
11 48
40 24
28 76
58 92
56 38
65 56
63 81
37 81
27 58
39 37
14 77
36 89
22 69
42 9
26 90
80 93
39 92
27 91
20 37
40 35
31 92
62 87
53 35
13 46
86 87
26 53
68 78
68 9
84 10
39 8
21 42
72 35
10 3
55 9
58 4
73 76
24 12
80 46
28 47
63 85
93 15
38 14
93 74
56 27
27 53
15 11
34 11
78 79
20 24
44 89
57 39
60 11
73 31
31 90
14 12
25 39
41 30
35 69
92 8
8 36
51 73
66 26
41 93
75 44
56 20
61 76
14 58
58 77
78 5
2 53
27 48
58 63
45 36
57 72
0 25
71 4
88 19
36 70
31 18
63 83
56 84
28 88
73 54
54 84
6 25
30 68
78 16
24 71
21 22
81 13
76 3
62 29
88 58
92 78
34 45
36 72
11 46
67 45
47 26
89 51
9 62
54 56
1 86
26 41
48 46
17 35
25 44
56 77
80 39
79 83
39 54
12 27
88 63
88 72
77 81
83 85
73 17
45 22
34 29
4 36
53 54
43 41
4 67
67 32
80 15
86 56
28 38
13 30
83 82
40 66
83 74
66 14
4 29
51 45
31 57
57 84
57 4
41 19
3 64


25 80
10 16
3 0
6 21
3 12
2 12
4 8
24 1
17 16
6 17
14 11
7 8
15 1
23 9
16 24
6 2
22 15
4 4
1 16
3 8
1 18
0 2
21 11
20 5
21 0
6 7
16 9
6 12
8 11
8 2
4 12
23 24
4 21
16 17
22 12
23 7
20 0
12 21
10 7
6 8
7 17
10 2
17 20
15 0
10 3
24 12
10 13
21 20
7 18
14 13
1 10
10 22
14 15
14 0
13 1
10 24
6 23
5 21
4 15
2 17
11 3
7 20
18 24
23 5
9 14
24 9
20 16
9 13
8 13
8 6
8 15
5 4
21 9
21 7
24 21
0 6
24 4
1 4
2 14
6 20
10 14


90 195
42 27
50 69
51 47
13 56
42 89
18 63
44 4
61 18
85 53
74 65
61 59
89 3
18 17
28 41
11 88
49 18
68 32
19 59
73 49
14 62
1 35
61 14
68 27
51 75
63 62
81 47
25 5
74 15
4 89
50 27
56 77
66 27
23 70
76 31
34 10
0 67
21 25
58 79
75 52
60 5
36 22
18 61
54 7
50 42
49 73
17 37
24 13
55 20
21 13
58 22
43 35
7 86
81 21
18 2
66 44
2 10
15 70
19 25
59 77
74 48
17 18
45 34
74 22
26 62
57 81
21 4
76 51
87 25
12 53
13 72
89 48
77 15
44 67
42 19
73 48
44 73
69 44
29 87
45 86
17 38
59 49
30 76
35 48
78 34
57 77
42 22
43 36
83 31
28 36
23 22
60 4
66 29
47 88
73 50
74 39
20 60
77 22
23 81
51 13
6 14
27 32
28 14
6 38
79 84
74 87
37 10
13 41
22 80
55 45
60 7
55 0
15 13
65 34
13 25
51 7
15 53
56 68
25 13
68 18
74 37
15 76
28 27
76 2
69 9
45 12
37 88
88 21
66 13
23 30
34 56
27 9
41 27
15 38
74 44
21 69
30 45
31 29
15 2
41 58
75 44
52 9
8 32
6 34
49 11
27 85
9 5
46 54
20 45
39 87
38 56
35 73
61 53
77 11
7 27
25 55
27 39
40 38
30 28
6 88
18 36
65 48
34 66
75 64
64 45
2 8
21 26
11 50
79 24
2 9
77 53
81 27
6 61
77 58
36 58
32 20
34 82
45 16
55 10
54 27
20 73
60 23
73 58
0 18
78 61
12 19
10 9
7 33
42 41
19 66
7 83
83 42
20 52
17 85
39 17
87 38


14 49
4 11
1 2
0 10
4 7
5 2
9 7
3 2
13 5
2 0
4 1
0 1
11 1
10 12
1 12
13 9
8 0
7 4
5 6
7 2
8 5
9 3
10 2
4 5
6 11
13 7
3 4
11 10
1 7
11 9
12 5
12 2
11 6
9 6
13 4
12 7
0 12
2 5
7 11
9 9
3 3
5 11
6 1
2 13
5 4
1 6
0 13
10 10
5 12
8 1


87 207
33 24
61 7
13 85
28 13
48 18
75 24
31 79
38 38
13 70
82 40
54 56
53 16
86 77
17 86
55 72
78 80
45 81
45 4
0 27
50 83
50 86
6 65
25 48
84 52
57 31
58 20
63 30
72 78
32 61
59 52
66 22
53 40
34 32
40 12
83 81
81 70
1 12
69 74
62 35
9 67
83 39
20 62
48 73
32 38
59 33
80 13
11 57
60 59
37 25
67 38
26 10
6 71
30 54
76 24
0 37
69 7
36 16
19 67
39 51
36 70
0 51
63 9
14 12
26 58
48 70
85 45
66 73
27 26
18 46
7 21
30 18
33 21
14 29
8 3
76 34
57 21
67 3
16 42
71 16
15 0
39 63
22 44
74 65
71 7
24 73
36 13
2 9
0 9
38 1
83 8
6 7
74 13
25 68
53 64
5 55
27 73
20 17
24 29
42 12
11 14
61 27
17 25
65 9
44 62
80 64
73 54
59 44
26 42
49 48
53 50
32 83
59 13
10 59
7 73
9 35
31 6
36 62
0 65
29 47
0 28
3 1
37 78
12 44
45 0
64 11
4 45
76 65
43 40
10 36
80 62
42 80
73 43
37 11
29 44
36 45
70 30
56 1
79 59
84 57
65 5
63 55
66 86
86 20
51 6
0 77
4 68
79 34
53 3
15 1
27 33
86 36
78 7
68 28
14 80
43 17
32 66
46 44
41 48
33 82
3 23
82 61
82 38
5 81
74 39
50 18
58 3
49 83
16 30
43 70
27 65
70 31
42 13
50 52
21 29
53 72
77 62
23 64
86 48
63 53
9 2
84 19
58 60
29 55
41 39
56 67
36 14
67 40
61 11
10 9
27 51
56 15
69 3
3 24
78 82
70 50
44 75
39 18
85 33
31 50
80 47
46 9
37 60
24 12
28 62
39 15
80 14
17 28


91 883
62 47
79 1
5 87
89 83
74 19
75 41
64 87
86 14
21 32
20 47
5 14
79 73
16 41
69 9
70 27
4 29
2 58
0 8
60 26
63 16
57 27
69 70
12 44
70 42
4 12
33 28
4 8
4 30
11 24
58 6
44 86
85 46
44 26
15 43
6 89
29 39
51 14
11 76
0 67
58 8
86 39
48 4
33 67
60 39
46 10
20 59
83 45
33 43
39 71
15 7
85 18
78 72
53 53
72 10
50 31
58 74
40 26
32 15
58 16
73 81
32 27
63 1
36 10
45 61
67 73
81 5
0 56
66 41
69 66
13 19
9 56
39 2
6 23
85 49
74 35
19 53
5 71
44 46
72 59
30 36
61 56
22 1
16 84
37 52
31 47
48 71
20 14
2 36
32 28
46 11
69 67
70 49
69 26
2 28
52 49
0 33
15 47
19 75
21 27
6 15
0 45
71 75
10 48
72 63
26 7
51 34
2 73
42 49
29 50
8 88
86 81
45 1
9 37
57 8
74 27
69 2
81 55
66 11
23 52
43 86
20 76
16 25
10 76
39 41
17 76
20 81
15 75
5 30
80 9
61 27
38 7
44 78
29 12
86 33
46 71
82 6
80 18
59 60
71 85
44 58
69 68
43 55
21 86
87 3
26 19
43 52
30 46
32 9
42 54
4 53
77 18
55 83
5 63
24 76
6 69
28 82
49 46
0 16
23 88
7 58
74 12
5 46
11 53
67 23
29 56
26 75
86 7
12 10
68 60
76 1
42 10
89 8
36 25
19 85
10 37
21 90
43 82
41 7
59 86
65 89
41 83
56 71
10 60
8 53
63 33
1 33
47 57
54 41
90 71
16 34
76 4
5 75
11 72
34 62
43 87
23 64
24 32
2 6
42 75
39 44
19 67
68 83
54 1
47 72
25 38
25 9
19 25
58 17
43 24
29 61
89 50
28 8
9 44
40 84
45 84
38 24
17 70
21 56
80 85
81 11
34 9
61 46
55 22
68 71
44 90
67 38
78 7
75 52
14 28
52 38
39 75
86 34
46 70
1 43
64 54
73 23
14 37
51 29
36 53
25 48
36 40
22 16
71 12
17 65
10 2
12 37
10 33
48 84
10 61
30 81
18 49
39 48
57 85
84 85
86 73
4 89
30 65
62 66
45 49
7 13
28 39
38 75
29 20
47 84
46 73
26 62
59 75
15 82
35 21
64 9
68 84
35 52
86 22
57 84
58 33
88 4
42 55
49 62
18 75
23 60
75 43
86 48
81 23
32 51
78 10
58 61
29 63
58 55
0 11
87 81
28 21
15 69
79 46
61 59
67 18
62 71
31 61
76 86
44 69
5 20
65 1
69 17
22 20
77 87
53 8
65 65
32 23
15 33
74 32
20 0
79 2
54 18
60 28
28 37
17 48
2 17
9 8
85 8
59 30
70 77
87 84
25 39
8 51
2 46
63 55
27 64
72 2
80 22
16 49
13 39
31 52
83 40
68 28
2 34
10 50
37 22
48 44
39 11
6 56
52 30
23 76
4 3
46 50
37 74
64 3
15 2
1 83
42 27
68 38
42 62
36 61
47 28
5 16
49 60
13 55
0 13
32 75
24 48
60 70
37 2
26 29
51 17
65 52
2 21
46 5
84 63
72 51
82 39
8 37
79 71
58 69
19 43
32 35
67 81
11 1
78 12
60 14
12 66
53 57
60 68
59 47
57 43
25 68
56 33
86 45
25 20
64 47
1 54
29 8
2 49
40 15
73 85
26 68
0 38
19 54
70 39
42 56
16 71
86 26
31 89
90 59
48 36
83 70
45 39
87 83
25 62
77 62
75 19
67 88
84 65
19 12
55 0
23 49
9 3
61 33
16 26
66 27
70 71
13 81
34 43
33 63
30 31
6 2
15 67
38 52
66 23
83 83
85 2
31 2
64 62
72 9
65 75
75 51
53 15
64 42
0 39
19 82
61 13
52 1
54 81
90 46
25 29
59 69
60 79
74 59
63 42
71 36
22 3
37 0
4 48
29 4
77 70
62 49
50 69
77 13
30 51
19 5
16 15
28 16
59 45
36 19
90 10
88 17
35 80
67 19
31 78
64 59
56 86
67 54
76 32
9 9
39 26
62 23
40 47
15 49
56 67
40 35
23 83
25 50
52 51
68 16
39 30
90 29
47 2
47 67
58 43
40 89
12 27
15 86
70 14
54 33
45 55
24 23
39 9
44 62
29 48
84 66
38 16
46 22
50 1
58 89
68 76
2 22
26 36
70 72
12 65
11 44
85 17
61 44
9 80
82 7
32 71
89 68
17 10
36 12
6 9
30 13
44 10
85 75
50 77
31 10
0 53
56 77
2 40
53 81
19 62
53 74
23 28
89 9
22 50
53 19
22 76
68 72
16 29
76 69
27 30
67 8
31 80
56 63
28 52
67 34
26 85
90 88
82 54
89 28
26 46
71 51
26 32
72 22
74 74
21 0
18 39
56 80
6 75
0 71
69 14
8 12
2 13
36 58
18 4
13 70
11 25
64 31
30 80
26 67
4 47
3 41
52 69
40 30
13 14
45 86
42 85
64 20
52 72
81 74
88 78
49 29
69 43
6 62
66 62
57 69
76 66
74 17
69 69
26 5
66 58
35 53
19 2
31 54
58 58
48 19
37 71
31 59
81 53
84 33
71 4
51 81
83 15
71 64
59 27
41 22
46 90
29 68
7 9
46 2
81 83
46 78
30 29
22 90
36 6
34 36
6 78
2 16
31 75
0 78
9 22
83 88
54 49
46 23
4 64
72 27
26 69
89 47
59 58
83 38
75 48
0 90
21 13
31 70
23 29
76 60
1 19
51 67
32 63
30 8
55 30
74 55
44 2
2 33
7 45
46 35
18 90
54 80
81 27
63 57
72 11
64 6
61 45
78 9
82 67
57 60
13 27
62 56
27 38
21 62
2 41
74 43
69 59
4 7
77 45
79 87
78 67
85 52
69 90
29 19
4 41
56 61
11 56
15 40
43 64
90 62
76 15
67 35
34 33
49 25
31 35
50 32
2 23
10 31
10 44
66 7
5 36
79 66
11 79
59 42
32 31
33 69
25 72
75 15
88 24
83 20
20 36
82 51
6 21
83 48
38 80
75 34
63 45
82 10
71 46
12 15
57 38
41 8
3 34
82 16
69 35
13 36
78 16
59 53
27 74
12 11
76 12
56 69
45 33
25 24
47 44
48 47
25 40
6 10
82 75
64 89
45 41
70 56
28 90
66 83
33 2
58 80
56 57
77 31
65 38
90 67
62 28
20 46
78 63
47 12
78 6
17 53
16 43
30 3
28 11
18 48
78 1
75 88
7 20
40 74
56 42
53 39
89 23
85 70
87 34
1 15
73 60
37 56
25 5
61 36
2 81
56 47
47 77
72 66
79 24
45 85
86 76
54 54
54 48
35 83
87 45
65 16
67 77
36 51
11 54
67 26
69 38
33 5
14 23
5 5
86 0
90 21
6 25
37 61
10 77
88 63
65 42
75 59
45 58
43 12
89 59
67 53
8 16
45 14
19 76
34 49
23 72
56 45
39 4
41 64
18 32
9 15
47 80
48 11
63 22
62 84
2 84
24 21
59 29
27 77
60 25
69 62
25 4
10 15
28 71
61 8
13 38
35 60
58 67
24 57
10 36
33 4
80 32
28 80
78 77
12 67
41 0
85 3
30 44
43 77
53 0
62 2
87 62
24 20
48 32
39 1
15 12
76 44
66 25
54 17
86 69
22 87
81 41
56 75
7 37
10 16
87 4
64 58
81 43
90 15
25 12
24 69
3 20
44 29
52 36
53 47
75 42
61 32
76 67
16 87
12 36
75 1
20 1
41 72
20 34
32 32
30 12
50 13
62 74
27 33
61 47
59 83
49 6
3 44
0 28
9 81
0 9
50 76
39 31
79 35
71 71
38 42
34 12
47 20
44 44
79 42
11 3
2 78


99 645
96 11
38 77
30 18
1 15
33 91
37 8
6 28
15 59
76 88
57 92
53 78
44 87
89 63
85 78
8 90
11 67
22 96
79 82
52 51
75 66
61 45
5 87
93 44
44 76
65 41
53 87
55 9
0 69
90 11
47 62
35 39
92 92
96 56
42 91
61 22
28 5
50 51
4 14
37 14
53 49
5 92
73 9
69 48
9 58
76 73
37 33
81 89
87 7
7 4
61 75
21 20
68 86
7 70
28 70
55 56
49 34
93 29
54 32
41 28
49 91
15 27
1 30
98 59
26 98
61 86
68 14
66 18
48 26
55 95
72 53
36 83
81 51
51 61
24 40
90 64
49 64
94 85
79 7
14 46
84 17
89 87
89 97
1 74
66 1
48 55
27 68
41 83
51 78
21 41
11 29
10 59
79 32
25 92
12 20
23 35
82 67
48 23
52 24
1 33
70 45
54 12
77 28
3 34
3 50
66 51
36 3
61 96
61 7
35 30
34 38
95 94
92 18
8 44
77 5
19 21
53 51
66 61
9 56
27 96
32 66
71 11
23 74
80 44
63 65
83 8
77 41
71 77
31 93
67 36
85 54
72 49
57 75
98 38
2 86
88 17
75 80
46 71
87 67
74 57
95 39
41 79
71 15
62 22
58 82
44 18
92 3
59 14
67 29
88 6
34 60
38 21
21 11
17 20
44 12
24 74
23 22
8 25
41 57
55 48
86 26
78 44
9 85
40 95
19 84
93 64
79 29
93 26
2 27
5 49
77 18
51 64
2 61
12 73
5 62
72 31
35 5
46 49
52 58
94 73
92 49
11 53
50 30
98 67
80 0
77 33
58 92
36 77
64 43
1 80
39 56
19 60
93 19
11 48
7 50
19 86
90 29
93 4
69 13
39 23
39 78
66 21
62 92
77 35
59 54
27 2
59 3
76 36
63 48
6 48
82 7
70 74
10 8
96 62
88 44
96 47
33 36
73 82
53 91
24 63
70 16
2 73
36 62
44 43
71 80
31 24
32 44
67 47
95 22
78 14
15 74
92 52
98 31
96 98
71 53
5 81
36 37
15 78
66 44
84 57
78 65
81 74
17 44
0 59
30 39
92 9
97 59
34 56
29 12
61 55
90 43
40 47
9 78
33 71
22 97
59 43
21 56
27 82
61 81
16 7
83 59
15 49
13 46
76 51
5 6
83 74
78 22
13 67
8 74
82 54
29 38
47 82
25 87
42 72
79 71
98 37
20 63
47 52
13 93
54 45
73 80
42 76
59 66
70 63
0 91
4 92
35 87
31 16
8 57
91 95
40 82
71 64
15 98
28 76
30 98
13 0
73 0
27 28
18 61
84 25
8 78
51 79
10 78
66 57
44 73
70 13
56 66
5 47
11 90
47 34
33 19
90 18
59 42
83 31
14 1
29 33
48 87
70 3
72 87
41 4
34 90
33 39
46 34
45 32
36 6
59 32
9 81
30 92
98 7
12 23
16 10
20 49
33 53
42 93
48 13
17 12
50 88
71 86
33 30
41 29
80 90
77 71
63 95
52 19
83 35
61 39
93 45
57 40
38 25
32 39
13 94
31 32
67 82
14 40
8 70
20 95
69 25
38 27
0 43
50 96
68 23
67 7
36 60
27 35
68 8
71 98
9 93
76 35
31 12
79 27
25 85
67 97
40 91
93 80
29 60
68 0
7 22
96 85
95 30
10 25
48 24
59 8
15 56
26 40
73 50
16 0
61 34
78 8
43 80
41 77
50 23
78 35
20 73
14 44
81 9
88 59
8 52
61 35
77 12
13 79
78 23
94 22
82 6
87 34
30 54
40 77
16 73
69 76
10 86
59 84
74 70
32 13
85 31
20 62
8 13
30 51
15 76
85 41
79 64
30 52
29 73
71 82
86 72
62 82
94 53
85 53
56 70
52 86
63 81
63 19
53 92
58 20
4 58
93 91
44 38
77 0
29 40
67 70
50 7
4 15
18 19
94 60
45 17
45 5
28 1
64 49
40 73
4 10
18 70
80 94
43 89
35 11
10 95
37 22
93 81
10 98
18 22
38 3
7 54
27 39
27 98
0 14
83 6
71 37
21 85
37 17
6 91
95 92
37 53
67 59
41 91
13 15
27 25
0 4
42 17
73 71
96 44
7 3
30 56
43 81
38 93
91 8
74 51
60 43
40 40
39 12
47 22
71 3
98 20
51 40
69 15
74 46
7 71
81 62
55 2
32 89
37 64
27 9
83 65
86 31
89 31
31 84
33 3
57 88
29 6
38 23
56 49
87 74
90 23
80 2
34 52
65 36
20 69
14 90
9 26
34 69
31 87
81 78
66 67
19 34
91 29
29 83
47 45
4 69
10 44
20 79
29 64
32 67
33 16
17 64
6 46
29 36
10 61
57 56
41 61
86 70
33 67
10 65
49 14
42 12
6 71
33 25
18 84
41 84
3 75
14 58
6 20
60 88
21 10
9 76
39 58
42 15
16 20
60 22
86 91
11 10
19 97
2 48
30 65
64 66
56 54
56 30
76 62
40 22
14 21
2 29
58 28
56 0
10 39
78 93
31 59
37 32
70 98
91 6
77 60
26 30
72 72
45 80
77 31
16 22
62 96
92 67
31 86
97 55
81 11
80 14
71 20
0 92
5 74
62 20
89 81
66 68
11 31
22 75
41 17
42 51
9 28
5 73
4 42
67 60
52 44
56 26
23 92
13 74
41 76
28 68
33 5
68 57
47 79
34 5
55 37
82 49
62 71
95 44
61 77
32 16
40 50
2 59
19 87
60 83
63 98
93 61
9 62
23 93
10 74
93 7
78 1
72 42
8 28
29 56
88 84
57 94
50 29
86 98
43 53
53 47
71 56
40 92
82 26
53 89
28 15
81 47
50 67
86 50
59 74
36 58


37 138
36 26
19 29
20 0
7 17
27 21
3 1
30 4
32 21
26 13
18 24
7 28
6 23
15 22
11 21
34 18
24 30
15 36
8 1
13 34
31 35
36 18
28 15
21 29
26 36
31 19
30 29
4 2
19 15
3 34
27 34
15 28
22 19
25 2
23 6
22 25
35 28
7 35
34 16
22 28
2 36
33 34
3 28
31 11
24 8
9 34
28 30
11 20
20 6
29 11
15 8
21 30
29 24
34 35
5 20
10 17
19 23
19 22
18 10
11 13
26 8
20 17
2 0
34 27
29 6
7 26
10 8
36 14
8 7
20 25
29 27
28 21
15 0
5 32
10 23
25 17
33 25
27 4
34 20
3 13
33 23
17 22
4 19
36 2
12 5
34 6
18 33
31 6
7 15
12 4
25 7
19 12
6 1
14 20
8 31
36 20
3 24
15 23
2 24
13 20
17 25
12 10
8 24
15 31
35 11
8 3
28 29
14 13
12 15
28 19
28 2
18 14
11 27
1 0
24 12
4 8
30 3
6 21
29 20
13 21
25 22
35 36
10 0
6 31
36 9
17 17
10 24
27 35
31 0
0 7
31 32
9 14
30 8
33 22
18 32
34 10
29 34
25 26
21 32


55 648
1 9
4 18
39 2
5 12
44 1
31 14
30 2
18 32
15 9
2 24
10 6
43 47
8 16
35 7
28 8
33 17
24 2
25 28
5 30
40 9
31 45
42 42
33 35
10 42
24 20
52 8
4 53
7 1
16 50
49 27
46 9
37 35
44 41
28 44
34 19
23 30
54 29
40 36
40 41
3 10
36 36
37 16
51 1
16 40
35 49
13 34
49 2
43 8
3 50
40 3
12 13
53 36
3 16
13 1
39 0
23 41
10 39
3 0
9 6
42 54
48 20
7 31
34 42
11 34
28 45
24 45
7 24
46 19
35 54
20 37
24 48
35 8
35 26
47 37
1 35
31 52
29 41
39 26
9 17
19 51
14 11
40 33
41 7
41 22
32 19
40 15
5 36
40 51
14 35
20 18
30 31
1 24
44 52
38 24
5 21
31 47
47 18
37 48
4 1
36 9
20 47
6 41
51 12
30 41
52 6
18 18
2 2
48 32
5 53
37 18
28 33
30 42
11 15
21 0
18 7
35 19
50 15
11 14
37 15
30 51
22 21
8 23
1 5
1 48
39 25
48 2
13 31
6 18
6 31
29 12
11 2
43 22
34 44
13 17
7 49
18 2
27 23
11 45
54 5
9 51
28 40
12 52
27 35
47 24
54 18
6 25
24 52
45 30
47 42
32 33
2 17
44 44
26 9
52 2
19 26
46 21
30 40
22 34
48 3
8 31
15 38
26 47
15 8
18 49
0 15
51 25
4 46
10 40
21 49
11 36
35 30
31 4
20 54
48 41
45 4
7 32
3 25
2 1
2 36
16 47
43 30
19 44
26 36
21 15
25 30
50 10
32 6
22 6
3 54
0 41
29 5
7 33
34 36
10 34
14 43
28 14
38 29
15 54
22 19
32 52
5 16
34 32
33 12
0 5
53 49
10 54
36 29
0 18
13 54
22 43
33 31
45 47
27 5
4 22
34 35
32 18
29 30
50 21
16 54
18 4
17 44
33 26
7 46
25 14
22 47
3 48
49 0
31 9
27 49
12 54
6 29
13 4
8 4
6 28
13 53
9 50
24 6
41 46
0 36
32 35
15 23
2 16
25 50
47 2
22 39
38 11
10 32
13 24
19 21
16 21
41 50
24 54
49 1
3 43
12 6
43 41
50 18
42 28
7 54
41 29
5 48
23 36
34 6
19 39
52 28
39 43
33 36
9 13
1 50
11 12
24 8
26 52
28 36
20 46
17 48
1 26
37 43
30 46
7 26
48 37
44 15
34 34
16 7
24 11
6 34
34 21
54 0
34 17
32 16
25 8
47 47
3 13
45 42
2 43
42 17
46 46
52 4
10 23
45 43
48 52
5 27
15 40
8 20
2 0
16 20
33 0
28 25
2 13
12 49
9 39
26 34
36 12
50 11
46 25
51 54
44 18
13 30
29 3
41 45
38 30
5 33
31 33
38 48
28 11
27 19
26 5
19 28
34 54
23 47
45 22
28 24
34 7
11 46
32 23
21 18
22 37
39 31
16 15
16 46
16 0
17 8
14 27
39 11
6 54
33 6
28 48
7 15
27 48
25 35
18 34
2 22
43 7
19 4
14 30
28 31
46 22
44 47
43 24
53 52
20 1
3 46
24 28
15 46
3 32
37 46
16 16
35 53
47 13
8 6
18 27
53 29
1 2
33 44
19 33
2 19
41 9
48 9
24 34
16 37
21 23
35 6
7 20
4 40
53 16
17 16
1 49
22 23
3 28
37 36
50 52
46 47
14 19
41 31
40 0
32 7
42 46
15 16
9 2
21 24
5 2
44 38
7 29
18 6
24 0
8 11
21 31
42 38
1 17
5 32
7 21
37 38
31 5
47 17
34 41
4 7
5 24
6 52
8 22
11 13
48 19
26 1
23 50
24 23
23 51
37 54
13 8
9 34
35 52
22 2
54 24
43 40
45 45
30 53
12 36
10 0
33 49
18 26
52 42
13 46
42 11
2 26
11 25
20 19
47 36
9 9
32 32
12 44
5 18
49 15
10 21
52 19
26 28
39 1
29 27
49 26
41 19
9 36
21 8
49 12
45 24
36 3
15 44
14 50
48 43
32 9
46 26
54 46
30 54
39 3
1 23
7 0
36 53
54 25
35 44
20 9
3 31
41 26
2 35
35 37
19 50
35 45
50 29
6 9
12 50
41 49
49 49
49 39
46 37
24 43
3 29
23 42
40 38
34 38
39 4
5 20
42 50
47 22
4 43
40 28
4 42
32 51
9 25
36 14
10 43
38 54
23 54
48 12
3 9
53 34
49 4
35 17
6 36
35 34
44 21
51 31
0 23
36 39
30 19
22 22
27 26
25 36
20 8
26 4
12 42
53 0
47 14
40 53
25 9
40 22
41 39
51 4
43 51
49 44
23 40
14 54
35 29
35 2
43 13
4 6
1 0
17 38
5 42
14 10
14 5
39 18
28 12
4 30
28 18
16 53
47 7
37 51
35 35
12 28
39 36
18 45
31 19
46 30
22 0
4 31
18 50
15 34
43 10
27 9
35 43
37 2
34 45
26 19
43 18
28 13
7 27
53 3
48 13
29 24
2 51
50 13
16 36
6 44
30 23
33 52
45 32
30 35
48 53
42 30
17 34
32 24
9 29
45 38
0 33
38 47
54 1
31 18
23 18
4 5
33 32
23 2
32 30
33 25
37 49
54 40
23 48
37 37
4 3
42 18
44 24
22 9
39 21
51 34
53 21
12 12
1 31
16 28
21 22
39 24
2 9
1 34
53 1
7 18
48 39
31 15
49 30
37 9
12 39
46 41
22 53
19 46
50 4
0 29
54 20
25 42
39 34
21 21
30 6
48 38
53 7
38 34
44 16
48 15
31 11
53 6
46 18
47 3
19 54
10 29
1 7
4 32
16 25
21 44
11 33


31 122
19 21
12 28
13 10
8 1
21 2
10 0
29 18
7 30
29 0
4 13
1 20
27 16
14 29
8 29
25 24
11 21
23 14
25 16
0 2
12 2
25 0
22 8
3 17
1 13
3 11
19 13
7 15
22 7
2 20
20 18
12 23
15 17
19 4
18 7
20 1
5 29
10 6
20 25
13 2
30 10
21 21
30 22
6 19
23 6
12 4
27 24
0 3
21 7
10 2
1 14
9 22
5 7
14 0
2 2
14 16
2 28
13 7
22 0
13 14
17 29
7 2
5 23
18 20
10 9
20 20
3 2
27 10
25 29
9 15
8 0
11 26
9 4
22 2
16 25
13 25
26 5
9 10
10 28
3 19
24 2
14 15
15 28
11 6
12 26
5 15
17 12
9 25
7 24
16 16
23 8
1 9
16 0
1 2
7 6
29 28
17 13
2 6
22 17
29 3
3 4
20 26
9 24
30 23
29 21
6 11
11 10
24 26
21 29
24 24
26 19
1 3
29 10
22 3
9 3
6 7
18 29
19 11
18 21
14 28
14 14
16 26
28 24


55 562
18 6
53 35
36 20
51 14
27 50
26 1
13 23
47 26
14 32
35 44
43 0
54 51
23 19
26 16
8 21
15 1
12 3
17 26
28 49
7 54
29 13
5 30
18 43
27 30
38 24
0 20
15 14
34 31
1 18
22 17
29 31
9 27
51 51
39 7
49 27
43 42
25 53
7 41
24 54
19 37
22 43
5 10
54 5
39 36
2 34
1 36
31 3
2 24
18 17
48 0
23 6
48 42
32 23
24 29
40 40
49 45
51 7
42 49
8 18
46 21
12 43
2 23
14 50
5 38
24 47
21 27
8 7
44 37
34 25
36 17
42 32
11 6
43 27
2 52
26 27
40 47
16 48
17 50
51 36
42 13
4 2
44 34
46 49
17 19
46 29
9 40
15 12
20 41
17 34
39 48
49 39
42 23
27 42
8 46
46 28
15 17
16 41
40 10
27 37
44 48
18 38
37 54
43 25
41 26
54 42
19 27
18 29
12 5
53 39
14 36
17 25
49 33
15 29
20 15
26 32
43 10
46 23
33 21
29 19
41 51
53 37
31 30
31 31
42 2
24 13
42 40
51 50
14 37
27 46
43 8
40 20
37 42
40 34
32 14
15 18
1 8
14 16
19 11
54 15
39 20
50 42
10 15
33 54
22 29
9 51
2 32
30 6
8 27
10 54
10 3
27 14
16 7
20 2
5 45
23 3
21 2
25 46
39 42
26 23
43 14
36 27
21 36
30 28
8 15
39 27
37 33
13 7
8 32
5 7
17 37
20 34
20 27
42 16
21 32
25 51
3 20
37 1
26 19
25 33
38 35
29 4
42 5
18 9
12 0
21 14
5 19
21 28
8 31
52 2
27 54
35 1
32 35
28 14
38 14
2 28
20 42
34 28
23 24
6 35
43 32
27 3
39 14
16 21
21 18
51 43
52 15
19 50
48 26
37 25
10 40
50 29
0 12
23 50
22 28
50 34
0 18
49 32
34 14
13 12
38 12
35 17
18 50
28 43
43 37
0 4
18 44
52 27
50 45
7 12
12 26
44 11
29 21
16 26
12 13
24 30
9 21
28 12
5 15
41 20
17 6
47 38
48 14
12 36
54 24
39 30
49 8
34 13
42 39
32 49
17 33
32 31
53 20
48 18
54 19
15 44
54 35
52 50
34 45
19 0
31 54
41 34
51 8
9 47
49 17
34 7
47 3
6 8
35 42
6 23
43 45
1 20
47 46
28 25
32 16
25 48
45 1
19 24
51 49
3 27
53 10
38 52
6 12
27 20
44 41
42 53
49 28
21 3
22 51
41 11
33 50
27 13
8 29
38 15
49 40
0 35
22 15
2 1
46 36
40 38
20 17
29 48
37 32
17 31
4 46
54 45
19 19
10 42
42 50
23 33
42 47
4 43
47 47
26 6
9 23
27 4
37 5
10 5
12 35
33 40
36 15
39 0
22 14
39 47
11 41
23 43
49 49
30 25
12 20
18 11
31 13
43 38
34 50
6 25
18 27
19 35
54 1
47 20
30 45
6 50
52 41
3 22
16 34
15 27
17 4
50 32
18 47
43 48
51 35
2 7
11 25
29 37
24 14
53 32
9 33
38 47
18 46
12 39
27 0
2 47
23 44
9 14
51 11
36 49
23 30
22 7
49 12
36 43
16 43
49 0
48 24
1 32
47 19
52 34
17 14
28 23
6 40
6 4
20 11
45 7
11 37
19 43
41 47
50 21
43 49
36 16
1 28
54 33
16 33
42 30
44 22
43 36
48 27
17 35
19 44
0 30
12 19
24 50
28 13
9 8
43 24
26 45
44 7
32 33
8 35
4 3
21 53
13 15
39 1
36 24
51 20
40 36
15 42
24 53
4 26
32 22
1 25
37 26
21 52
22 11
3 7
33 6
26 47
35 51
4 30
14 45
36 50
27 26
42 33
24 28
29 1
45 35
27 15
44 47
19 53
48 7
47 51
43 2
36 29
25 6
50 12
16 31
7 37
45 48
31 45
31 15
12 21
37 49
51 46
40 53
28 54
48 40
24 4
31 43
6 14
53 22
18 54
15 54
39 23
6 26
33 27
22 26
4 38
13 8
47 50
12 14
25 21
42 12
41 42
39 29
16 37
45 47
7 6
19 26
28 1
27 18
34 51
26 5
15 43
23 47
44 44
43 52
41 15
7 44
15 11
49 11
51 24
7 34
49 30
36 4
19 15
25 43
20 54
30 13
3 6
4 14
21 34
27 41
21 40
6 33
33 46
13 1
29 35
24 8
24 48
50 39
35 47
40 29
52 47
4 32
26 8
21 31
33 48
38 7
35 14
14 13
8 43
34 10
46 26
19 17
2 3
52 18
23 1
36 35
10 18
15 10
50 11
26 26
35 18
8 49
6 13
54 17
39 34
4 7
14 53
42 38
0 40
44 14
18 21
46 0
7 1
12 16
12 18
37 53
7 19
3 50
17 36
37 11
7 39
1 29
14 4
44 30
6 22
25 31
40 48
31 49
48 8
0 9
30 33
46 35
3 17
44 10
5 32


100 76
75 94
93 89
45 40
55 74
55 89
80 96
92 11
73 55
85 9
52 78
75 87
48 92
61 2
19 25
5 78
2 77
95 47
65 0
51 29
51 55
66 36
88 50
77 54
97 59
13 59
40 29
26 32
29 45
45 75
20 9
55 82
37 10
28 12
40 19
12 7
68 58
89 44
13 47
85 85
0 10
54 81
4 78
15 33
95 55
8 97
55 52
33 97
58 26
75 45
51 23
59 30
17 70
87 19
32 10
78 58
74 21
24 56
32 51
18 4
10 23
15 82
45 45
51 43
62 1
98 18
41 27
73 26
84 4
84 47
77 4
87 27
83 63
99 42
32 53
16 51
42 41


67 458
56 43
48 49
36 48
16 33
0 57
5 23
64 51
28 45
8 27
29 19
27 30
1 57
54 40
14 51
45 20
9 18
50 30
0 21
61 9
33 65
8 33
11 45
33 4
9 11
23 18
32 59
19 5
62 21
31 47
23 39
61 58
62 53
18 5
2 50
13 28
14 1
51 58
54 46
45 19
26 2
8 54
65 48
15 32
46 17
61 61
12 27
15 4
28 6
33 35
65 2
61 11
26 11
17 2
59 27
14 24
55 24
40 1
37 0
29 53
56 53
54 65
4 18
27 57
24 13
32 13
8 43
15 31
5 13
43 45
51 36
44 29
35 5
3 62
10 66
17 28
26 1
66 37
56 59
6 43
35 13
55 0
60 41
57 22
23 38
12 16
8 37
38 6
49 24
33 42
27 32
6 55
26 33
49 5
57 66
47 5
43 24
7 46
44 42
45 61
26 61
45 11
52 49
20 24
53 37
10 25
41 8
5 3
11 22
40 22
18 24
58 6
52 12
13 13
16 37
55 38
21 30
34 52
41 51
29 21
51 6
38 31
47 19
44 4
6 66
6 57
1 66
28 29
31 62
45 33
22 22
50 8
4 10
49 66
56 35
0 14
44 7
57 42
19 50
41 66
41 40
45 42
52 11
60 45
48 15
43 40
61 48
21 19
31 36
13 34
6 41
13 65
64 24
24 25
50 22
31 66
44 2
17 61
10 26
44 14
60 25
43 29
34 14
28 37
42 53
16 16
23 33
32 55
53 56
17 50
11 4
0 19
11 23
28 24
27 37
2 25
38 13
52 0
46 22
20 44
13 56
23 65
62 0
1 48
21 46
50 66
38 23
34 13
22 26
5 41
18 7
30 37
33 31
34 42
36 63
25 64
26 59
2 8
55 41
66 28
64 4
5 53
57 18
36 61
52 4
15 13
22 55
23 47
4 2
30 35
17 55
54 0
27 62
59 37
46 35
57 63
53 46
22 43
38 36
44 9
56 51
38 39
5 20
20 26
62 30
16 24
5 47
10 51
21 56
6 19
30 11
59 63
10 50
7 7
19 4
66 12
0 54
56 60
49 33
43 2
41 30
66 6
25 37
31 44
44 58
3 19
17 43
39 26
14 61
9 10
45 0
15 51
28 1
51 30
25 33
60 49
57 21
31 58
54 20
36 9
11 29
11 1
60 66
35 58
3 55
38 56
14 37
2 22
37 46
34 17
35 3
59 31
48 28
3 32
13 22
62 20
20 34
34 60
0 61
17 46
47 58
18 15
66 33
14 50
2 17
65 7
27 61
18 19
39 39
17 16
9 9
41 52
64 38
35 37
10 17
50 7
45 8
65 25
7 43
11 51
27 64
45 27
36 66
61 21
21 36
38 59
37 38
23 60
52 3
32 61
43 26
62 58
37 15
24 21
28 2
40 10
1 36
65 41
8 32
42 65
56 21
7 39
5 2
24 4
8 15
45 46
29 27
51 52
7 41
51 3
7 32
51 0
39 1
11 7
52 31
26 65
9 12
1 0
43 38
37 41
28 33
5 21
46 28
17 65
37 21
48 25
65 3
59 47
59 20
11 6
17 9
29 49
60 51
27 9
61 32
2 29
15 40
19 38
43 49
44 1
0 22
9 44
51 32
20 63
11 66
29 43
36 32
50 1
51 45
2 7
26 49
64 7
31 40
5 15
61 60
65 62
9 53
47 43
58 9
17 53
17 51
49 47
7 31
46 45
14 33
34 54
18 41
11 10
25 43
14 10
59 56
47 47
59 14
9 24
49 45
25 26
6 40
55 57
62 32
39 6
0 51
1 23
10 60
5 51
12 45
53 20
59 25
13 57
15 56
27 16
51 2
1 46
18 60
21 51
44 24
53 6
12 9
8 55
26 51
24 44
7 15
59 62
0 29
54 31
50 40
5 24
14 49
43 51
15 2
18 56
25 40
2 1
5 61
61 6
5 17
27 35
48 50
52 66
42 64
39 64
13 23
65 43
45 31
5 22
66 61
32 6
31 57
31 33
0 11
63 57
60 29
6 35
22 3
65 58
52 34
6 31
34 9
43 13
19 17


85 370
65 7
80 1
73 26
17 3
54 59
7 6
68 27
48 47
31 42
71 3
69 83
70 44
15 32
66 65
82 12
27 67
45 83
44 39
82 8
62 50
82 52
62 13
66 80
6 5
72 46
45 31
46 4
51 51
53 66
36 83
45 32
14 20
79 14
51 22
5 23
84 26
15 55
55 50
18 54
78 24
9 15
70 78
50 57
45 22
58 71
12 73
50 73
68 59
49 60
37 39
31 7
50 23
36 22
30 16
44 4
54 40
56 53
73 12
43 16
40 72
56 41
48 73
49 3
22 41
37 44
46 77
16 40
51 9
19 25
52 48
21 79
63 81
80 6
43 24
32 53
62 22
21 45
4 22
51 45
46 36
73 1
13 24
38 3
50 84
77 48
75 12
2 65
19 10
17 8
32 33
80 14
53 37
42 20
18 9
29 12
12 80
2 83
65 43
58 3
10 54
60 68
78 53
50 58
7 32
48 17
68 69
46 56
80 76
24 68
33 22
9 28
3 81
41 10
48 70
47 37
61 26
59 52
56 45
69 81
67 58
43 71
75 17
10 55
83 55
74 68
13 74
27 63
17 39
13 9
1 24
23 30
77 69
27 8
26 53
56 8
25 5
74 29
77 83
63 28
83 24
32 66
27 77
84 57
5 0
25 84
66 62
62 6
59 44
74 17
66 4
61 19
46 47
73 43
79 76
48 51
18 38
66 14
77 7
64 52
48 55
46 22
67 66
76 4
48 29
0 73
19 57
55 14
38 24
2 1
19 83
31 83
75 26
78 70
62 84
71 60
53 3
32 27
15 74
72 36
43 18
19 33
48 59
65 35
35 34
24 42
28 5
46 18
61 51
43 47
65 78
9 25
54 70
56 1
28 21
22 0
39 55
34 53
39 52
71 8
78 41
40 64
48 57
79 8
5 5
66 47
1 30
40 22
8 49
73 77
39 22
74 16
30 81
52 18
64 53
6 81
12 42
5 78
16 9
44 83
63 68
12 49
3 8
21 59
11 17
28 29
58 79
25 6
66 36
48 21
62 66
5 44
62 60
15 1
13 30
31 76
13 67
12 13
45 82
61 62
77 8
66 0
6 83
22 49
64 17
5 30
22 66
58 69
34 79
3 18
51 14
52 32
71 43
55 25
22 35
38 77
26 40
50 51
53 2
9 35
3 68
80 25
73 57
16 61
42 57
35 58
29 26
55 6
51 35
32 37
4 39
73 81
23 56
82 40
78 64
9 3
47 64
42 2
10 53
42 70
48 58
35 79
20 9
34 8
37 72
11 45
78 40
65 33
55 0
24 32
84 40
26 61
75 20
3 43
83 16
65 47
22 75
14 84
84 25
2 74
82 74
58 49
62 64
14 0
75 84
76 13
62 29
83 46
60 11
72 24
17 75
33 51
71 31
21 83
15 46
34 52
77 15
28 11
17 41
28 34
4 27
11 58
33 44
52 31
23 39
16 79
42 83
15 34
63 4
62 80
12 29
52 10
28 24
36 69
21 41
28 71
68 31
48 45
82 30
42 36
26 4
67 59
37 41
63 79
60 32
53 31
43 21
36 16
28 66
54 39
84 47
62 59
20 31
42 39
31 36
38 27
1 79
68 17
11 47
16 20
38 9
35 66
13 66
71 45
19 29
39 68
15 14
21 33
77 80
42 43
29 81